{"id": "608310377143799810", "pos": 0.074, "neg": 0.035, "neu": 0.891, "compound": 0.987}
{"id": "609297109095972864", "pos": 0.036, "neg": 0.084, "neu": 0.88, "compound": -0.5563}
{"id": "609504474621612032", "pos": 0.105, "neg": 0.077, "neu": 0.818, "compound": 0.9151}
{"id": "609748367049105409", "pos": 0.125, "neg": 0.03, "neu": 0.845, "compound": 0.9996}
{"id": "608688782821453825", "pos": 0.095, "neg": 0.115, "neu": 0.789, "compound": -0.9804}
{"id": "609551038983475201", "pos": 0.099, "neg": 0.058, "neu": 0.843, "compound": 0.9872}
{"id": "609447408955719681", "pos": 0.106, "neg": 0.032, "neu": 0.862, "compound": 0.9977}
{"id": "609027430624288769", "pos": 0.019, "neg": 0.107, "neu": 0.874, "compound": -0.8689}
{"id": "608229011572068352", "pos": 0.129, "neg": 0.166, "neu": 0.705, "compound": -0.296}
{"id": "609046214554755073", "pos": 0.094, "neg": 0.062, "neu": 0.844, "compound": 0.961}
{"id": "609738211183751168", "pos": 0.02, "neg": 0.104, "neu": 0.876, "compound": -0.987}
{"id": "609762671554990080", "pos": 0.077, "neg": 0.131, "neu": 0.792, "compound": -0.9681}
{"id": "608980783924178945", "pos": 0.163, "neg": 0.151, "neu": 0.686, "compound": -0.6875}
{"id": "609998126737395712", "pos": 0.034, "neg": 0.087, "neu": 0.879, "compound": -0.9907}
{"id": "608926452596273152", "pos": 0.05, "neg": 0.126, "neu": 0.824, "compound": -0.9941}
{"id": "609300383358418945", "pos": 0.036, "neg": 0.191, "neu": 0.773, "compound": -0.8225}
{"id": "608875876474851328", "pos": 0.144, "neg": 0.021, "neu": 0.835, "compound": 0.9986}
{"id": "610173844561788928", "pos": 0.107, "neg": 0.068, "neu": 0.824, "compound": 0.9907}
{"id": "609095030926635011", "pos": 0.08, "neg": 0.068, "neu": 0.852, "compound": 0.3281}
{"id": "608576531456249856", "pos": 0.132, "neg": 0.03, "neu": 0.838, "compound": 0.9807}
{"id": "609631563597389824", "pos": 0.078, "neg": 0.126, "neu": 0.796, "compound": -0.996}
{"id": "609372816568360960", "pos": 0.059, "neg": 0.061, "neu": 0.881, "compound": -0.1638}
{"id": "610103181578764291", "pos": 0.105, "neg": 0.037, "neu": 0.858, "compound": 0.9052}
{"id": "609425861561962496", "pos": 0.089, "neg": 0.087, "neu": 0.824, "compound": -0.6194}
{"id": "608658774769958912", "pos": 0.0, "neg": 0.183, "neu": 0.817, "compound": -0.9325}
{"id": "609396415681445888", "pos": 0.094, "neg": 0.077, "neu": 0.829, "compound": 0.1027}
{"id": "609337131698229249", "pos": 0.135, "neg": 0.108, "neu": 0.757, "compound": 0.9621}
{"id": "610152342521028609", "pos": 0.099, "neg": 0.148, "neu": 0.753, "compound": -0.9953}
{"id": "608315579913629696", "pos": 0.079, "neg": 0.099, "neu": 0.822, "compound": -0.4449}
{"id": "609417622485139456", "pos": 0.141, "neg": 0.059, "neu": 0.8, "compound": 0.9986}
{"id": "608347082844438530", "pos": 0.088, "neg": 0.077, "neu": 0.835, "compound": 0.5267}
{"id": "609066076282867712", "pos": 0.085, "neg": 0.051, "neu": 0.864, "compound": 0.533}
{"id": "609507025555357696", "pos": 0.202, "neg": 0.0, "neu": 0.798, "compound": 0.5859}
{"id": "609141582290292736", "pos": 0.158, "neg": 0.011, "neu": 0.831, "compound": 0.9954}
{"id": "607867811352969216", "pos": 0.056, "neg": 0.064, "neu": 0.88, "compound": 0.1753}
{"id": "609535458863882240", "pos": 0.09, "neg": 0.01, "neu": 0.9, "compound": 0.9924}
{"id": "608953025017839616", "pos": 0.135, "neg": 0.095, "neu": 0.77, "compound": 0.9965}
{"id": "609518871779889152", "pos": 0.106, "neg": 0.054, "neu": 0.84, "compound": 0.9978}
{"id": "610065075462930432", "pos": 0.0, "neg": 0.0, "neu": 0.0, "compound": 0.0}
{"id": "609890265306910720", "pos": 0.0, "neg": 0.0, "neu": 0.0, "compound": 0.0}
{"id": "607974158765400065", "pos": 0.113, "neg": 0.1, "neu": 0.787, "compound": 0.927}
{"id": "609680396956094464", "pos": 0.199, "neg": 0.066, "neu": 0.735, "compound": 0.7943}
{"id": "609648479976222721", "pos": 0.051, "neg": 0.129, "neu": 0.82, "compound": -0.992}
{"id": "610149872059195392", "pos": 0.145, "neg": 0.012, "neu": 0.844, "compound": 0.9868}
{"id": "609045959062896642", "pos": 0.122, "neg": 0.054, "neu": 0.824, "compound": 0.998}
{"id": "608390359023026178", "pos": 0.0, "neg": 0.0, "neu": 0.0, "compound": 0.0}
{"id": "609865605856899072", "pos": 0.102, "neg": 0.07, "neu": 0.827, "compound": 0.9727}
{"id": "609204522263650304", "pos": 0.067, "neg": 0.086, "neu": 0.847, "compound": -0.6908}
{"id": "608294260027346944", "pos": 0.148, "neg": 0.005, "neu": 0.847, "compound": 0.9974}
{"id": "609780343680409600", "pos": 0.102, "neg": 0.038, "neu": 0.861, "compound": 0.989}
{"id": "609220830501933056", "pos": 0.0, "neg": 0.268, "neu": 0.732, "compound": -0.296}
{"id": "610025386852810752", "pos": 0.072, "neg": 0.065, "neu": 0.864, "compound": 0.5027}
{"id": "608838825918332930", "pos": 0.023, "neg": 0.124, "neu": 0.854, "compound": -0.9783}
{"id": "609847126097530880", "pos": 0.054, "neg": 0.085, "neu": 0.861, "compound": -0.9648}
{"id": "609722272824356865", "pos": 0.086, "neg": 0.057, "neu": 0.857, "compound": 0.9843}
{"id": "609520823209168896", "pos": 0.138, "neg": 0.073, "neu": 0.789, "compound": 0.9908}
{"id": "607968621805989888", "pos": 0.05, "neg": 0.059, "neu": 0.891, "compound": -0.2263}
{"id": "610035233384218624", "pos": 0.113, "neg": 0.061, "neu": 0.826, "compound": 0.9828}
{"id": "609426219306745856", "pos": 0.049, "neg": 0.172, "neu": 0.779, "compound": -0.9982}
{"id": "608831302490415106", "pos": 0.142, "neg": 0.067, "neu": 0.791, "compound": 0.9773}
{"id": "609581937548615680", "pos": 0.103, "neg": 0.08, "neu": 0.817, "compound": 0.9168}
{"id": "609204644221423616", "pos": 0.092, "neg": 0.064, "neu": 0.844, "compound": 0.891}
{"id": "608004081425227776", "pos": 0.098, "neg": 0.0, "neu": 0.902, "compound": 0.9477}
{"id": "609246844749803520", "pos": 0.091, "neg": 0.059, "neu": 0.851, "compound": 0.9798}
{"id": "608544822383792128", "pos": 0.112, "neg": 0.137, "neu": 0.752, "compound": -0.4877}
{"id": "608037914086404096", "pos": 0.172, "neg": 0.129, "neu": 0.699, "compound": 0.9713}
{"id": "609486085987680256", "pos": 0.115, "neg": 0.055, "neu": 0.83, "compound": 0.9864}
{"id": "608739280559722498", "pos": 0.093, "neg": 0.105, "neu": 0.802, "compound": 0.2943}
{"id": "608749345731674112", "pos": 0.079, "neg": 0.054, "neu": 0.867, "compound": 0.7877}
{"id": "610171029575610369", "pos": 0.094, "neg": 0.101, "neu": 0.804, "compound": -0.8008}
{"id": "608407227473502208", "pos": 0.034, "neg": 0.033, "neu": 0.933, "compound": -0.3054}
{"id": "608203075459891200", "pos": 0.08, "neg": 0.058, "neu": 0.862, "compound": 0.9553}
{"id": "609008121428721665", "pos": 0.113, "neg": 0.104, "neu": 0.782, "compound": -0.3716}
{"id": "607951390724341760", "pos": 0.153, "neg": 0.031, "neu": 0.816, "compound": 0.9735}
{"id": "609854038688038912", "pos": 0.169, "neg": 0.052, "neu": 0.779, "compound": 0.8715}
{"id": "609120651895558144", "pos": 0.044, "neg": 0.059, "neu": 0.897, "compound": -0.6852}
{"id": "609120937263300608", "pos": 0.105, "neg": 0.006, "neu": 0.889, "compound": 0.9872}
{"id": "608434922840162305", "pos": 0.026, "neg": 0.089, "neu": 0.885, "compound": -0.9893}
{"id": "608793539556708352", "pos": 0.054, "neg": 0.078, "neu": 0.868, "compound": -0.4641}
{"id": "608461361748828162", "pos": 0.066, "neg": 0.053, "neu": 0.881, "compound": 0.7468}
{"id": "608734414546284544", "pos": 0.128, "neg": 0.044, "neu": 0.828, "compound": 0.9992}
{"id": "608071418585214976", "pos": 0.0, "neg": 0.0, "neu": 0.0, "compound": 0.0}
{"id": "607836751726563328", "pos": 0.0, "neg": 0.0, "neu": 0.0, "compound": 0.0}
{"id": "609138853375406080", "pos": 0.064, "neg": 0.051, "neu": 0.885, "compound": 0.8132}
{"id": "610037731935285248", "pos": 0.07, "neg": 0.089, "neu": 0.841, "compound": -0.9943}
{"id": "608272113741533184", "pos": 0.138, "neg": 0.081, "neu": 0.782, "compound": 0.7506}
{"id": "608932641207934976", "pos": 0.139, "neg": 0.035, "neu": 0.826, "compound": 0.9744}
{"id": "609186132375416832", "pos": 0.114, "neg": 0.042, "neu": 0.844, "compound": 0.9917}
{"id": "609247701411217408", "pos": 0.098, "neg": 0.116, "neu": 0.786, "compound": -0.9287}
{"id": "608347443823017987", "pos": 0.083, "neg": 0.063, "neu": 0.853, "compound": 0.7108}
{"id": "608856211795156993", "pos": 0.087, "neg": 0.079, "neu": 0.835, "compound": 0.825}
{"id": "610035478432067584", "pos": 0.152, "neg": 0.034, "neu": 0.813, "compound": 0.9983}
{"id": "608203134087921664", "pos": 0.085, "neg": 0.114, "neu": 0.8, "compound": -0.9846}
{"id": "609443836037873664", "pos": 0.093, "neg": 0.062, "neu": 0.846, "compound": 0.9965}
{"id": "609342424889081856", "pos": 0.0, "neg": 0.0, "neu": 0.0, "compound": 0.0}
{"id": "609326598358220800", "pos": 0.035, "neg": 0.01, "neu": 0.956, "compound": 0.5187}
{"id": "608170448807952386", "pos": 0.0, "neg": 0.0, "neu": 0.0, "compound": 0.0}
{"id": "607869505004400640", "pos": 0.124, "neg": 0.032, "neu": 0.844, "compound": 0.9612}
{"id": "607994015955316736", "pos": 0.095, "neg": 0.021, "neu": 0.884, "compound": 0.9983}
{"id": "609223895531540481", "pos": 0.116, "neg": 0.06, "neu": 0.824, "compound": 0.9932}
{"id": "609417423809302528", "pos": 0.0, "neg": 0.0, "neu": 0.0, "compound": 0.0}
{"id": "608502622983720960", "pos": 0.0, "neg": 0.0, "neu": 1.0, "compound": 0.0}
{"id": "609276653928361984", "pos": 0.121, "neg": 0.0, "neu": 0.879, "compound": 0.296}
{"id": "609517182532362241", "pos": 0.044, "neg": 0.088, "neu": 0.869, "compound": -0.9677}
{"id": "609716416887951360", "pos": 0.118, "neg": 0.072, "neu": 0.809, "compound": 0.9486}
{"id": "608291519347486721", "pos": 0.111, "neg": 0.074, "neu": 0.815, "compound": 0.9494}
{"id": "608492412416237568", "pos": 0.0, "neg": 0.268, "neu": 0.732, "compound": -0.296}
{"id": "608807876308676609", "pos": 0.123, "neg": 0.048, "neu": 0.829, "compound": 0.985}
{"id": "609973847996108800", "pos": 0.093, "neg": 0.115, "neu": 0.793, "compound": -0.982}
{"id": "608665805178339328", "pos": 0.128, "neg": 0.034, "neu": 0.838, "compound": 0.9459}
{"id": "610039839816294400", "pos": 0.074, "neg": 0.134, "neu": 0.792, "compound": -0.9991}
{"id": "610052516194217985", "pos": 0.045, "neg": 0.152, "neu": 0.804, "compound": -0.9959}
{"id": "608680091283881986", "pos": 0.089, "neg": 0.2, "neu": 0.711, "compound": -0.998}
{"id": "609868855863844864", "pos": 0.163, "neg": 0.078, "neu": 0.759, "compound": 0.8957}
{"id": "609451868633198592", "pos": 0.084, "neg": 0.147, "neu": 0.769, "compound": -0.9968}
{"id": "610040226178859009", "pos": 0.133, "neg": 0.075, "neu": 0.792, "compound": 0.9762}
{"id": "609348103389487104", "pos": 0.117, "neg": 0.047, "neu": 0.837, "compound": 0.9965}
{"id": "609557666138996736", "pos": 0.118, "neg": 0.08, "neu": 0.803, "compound": 0.9988}
{"id": "609329546215591937", "pos": 0.023, "neg": 0.0, "neu": 0.977, "compound": 0.5499}
{"id": "608108610267324417", "pos": 0.126, "neg": 0.014, "neu": 0.86, "compound": 0.9938}
{"id": "609744129879191553", "pos": 0.044, "neg": 0.08, "neu": 0.876, "compound": -0.6369}
{"id": "607758528758075392", "pos": 0.0, "neg": 0.268, "neu": 0.732, "compound": -0.296}
{"id": "609019270438223872", "pos": 0.0, "neg": 0.0, "neu": 1.0, "compound": 0.0}
{"id": "609007549094985728", "pos": 0.0, "neg": 0.0, "neu": 0.0, "compound": 0.0}
{"id": "608568480628142080", "pos": 0.067, "neg": 0.058, "neu": 0.875, "compound": 0.6901}
{"id": "609005648727175170", "pos": 0.126, "neg": 0.105, "neu": 0.769, "compound": 0.9037}
{"id": "608692276458614784", "pos": 0.145, "neg": 0.031, "neu": 0.824, "compound": 0.9864}
{"id": "610167649172103168", "pos": 0.15, "neg": 0.059, "neu": 0.791, "compound": 0.9932}
{"id": "609122496168755201", "pos": 0.025, "neg": 0.163, "neu": 0.812, "compound": -0.9958}
{"id": "609424363360768001", "pos": 0.1, "neg": 0.135, "neu": 0.765, "compound": -0.9945}
{"id": "609375205073551361", "pos": 0.105, "neg": 0.019, "neu": 0.875, "compound": 0.7992}
{"id": "607865098078720000", "pos": 0.096, "neg": 0.008, "neu": 0.896, "compound": 0.9904}
{"id": "608638056715964416", "pos": 0.08, "neg": 0.089, "neu": 0.831, "compound": -0.9043}
{"id": "609769482513420289", "pos": 0.0, "neg": 0.0, "neu": 0.0, "compound": 0.0}
{"id": "608332843408687104", "pos": 0.132, "neg": 0.081, "neu": 0.787, "compound": 0.9888}
{"id": "609476770509815808", "pos": 0.045, "neg": 0.052, "neu": 0.903, "compound": -0.9535}
{"id": "609325546011385859", "pos": 0.14, "neg": 0.048, "neu": 0.812, "compound": 0.9993}
{"id": "608750006674165760", "pos": 0.153, "neg": 0.031, "neu": 0.816, "compound": 0.9987}
{"id": "607985528034557952", "pos": 0.149, "neg": 0.047, "neu": 0.804, "compound": 0.9993}
{"id": "608596870974304256", "pos": 0.058, "neg": 0.113, "neu": 0.828, "compound": -0.9745}
{"id": "608584227811172353", "pos": 0.148, "neg": 0.0, "neu": 0.852, "compound": 0.7096}
{"id": "609108031687630848", "pos": 0.144, "neg": 0.054, "neu": 0.802, "compound": 0.8658}
{"id": "608674493456748545", "pos": 0.129, "neg": 0.0, "neu": 0.871, "compound": 0.8475}
{"id": "608881276049829889", "pos": 0.126, "neg": 0.043, "neu": 0.831, "compound": 0.9985}
{"id": "608966172122476544", "pos": 0.099, "neg": 0.101, "neu": 0.8, "compound": 0.7768}
{"id": "608189643855654912", "pos": 0.0, "neg": 0.0, "neu": 0.0, "compound": 0.0}
{"id": "609694637964566528", "pos": 0.051, "neg": 0.103, "neu": 0.846, "compound": -0.9813}
{"id": "610063063685795840", "pos": 0.126, "neg": 0.043, "neu": 0.832, "compound": 0.9925}
{"id": "609331127938105344", "pos": 0.08, "neg": 0.089, "neu": 0.831, "compound": -0.8465}
{"id": "608358416600334337", "pos": 0.0, "neg": 0.238, "neu": 0.762, "compound": -0.3612}
{"id": "609470000785682432", "pos": 0.05, "neg": 0.006, "neu": 0.944, "compound": 0.775}
{"id": "608641362414678016", "pos": 0.151, "neg": 0.081, "neu": 0.768, "compound": 0.6908}
{"id": "610066209795670016", "pos": 0.064, "neg": 0.008, "neu": 0.928, "compound": 0.9846}
{"id": "609127194648973312", "pos": 0.224, "neg": 0.0, "neu": 0.776, "compound": 0.9819}
{"id": "609152913865355264", "pos": 0.104, "neg": 0.058, "neu": 0.838, "compound": 0.9985}
{"id": "609307942270169088", "pos": 0.098, "neg": 0.118, "neu": 0.784, "compound": -0.8568}
{"id": "608886156516655104", "pos": 0.027, "neg": 0.056, "neu": 0.918, "compound": -0.296}
{"id": "609719400283959296", "pos": 0.136, "neg": 0.074, "neu": 0.79, "compound": 0.9965}
{"id": "608551961454063616", "pos": 0.041, "neg": 0.068, "neu": 0.89, "compound": -0.9863}
{"id": "608563275673006080", "pos": 0.072, "neg": 0.086, "neu": 0.841, "compound": -0.8115}
{"id": "610114738077495296", "pos": 0.084, "neg": 0.043, "neu": 0.874, "compound": 0.8647}
{"id": "608986659099697152", "pos": 0.127, "neg": 0.038, "neu": 0.835, "compound": 0.9935}
{"id": "608318633996099585", "pos": 0.062, "neg": 0.0, "neu": 0.938, "compound": 0.7229}
{"id": "609414360923025408", "pos": 0.079, "neg": 0.156, "neu": 0.766, "compound": -0.9994}
{"id": "610083910530281472", "pos": 0.121, "neg": 0.069, "neu": 0.811, "compound": 0.9584}
{"id": "609310835962454016", "pos": 0.087, "neg": 0.064, "neu": 0.85, "compound": 0.7659}
{"id": "610038523580796928", "pos": 0.041, "neg": 0.126, "neu": 0.833, "compound": -0.9674}
{"id": "610192514591490048", "pos": 0.014, "neg": 0.037, "neu": 0.949, "compound": -0.8943}
{"id": "609087596506021889", "pos": 0.123, "neg": 0.059, "neu": 0.819, "compound": 0.9881}
{"id": "608925659633733632", "pos": 0.104, "neg": 0.081, "neu": 0.815, "compound": 0.9783}
{"id": "608324453999771649", "pos": 0.185, "neg": 0.065, "neu": 0.75, "compound": 0.9946}
{"id": "608315733286731776", "pos": 0.104, "neg": 0.0, "neu": 0.896, "compound": 0.9852}
{"id": "609959736671358977", "pos": 0.062, "neg": 0.216, "neu": 0.722, "compound": -0.9972}
{"id": "609222620777570304", "pos": 0.176, "neg": 0.0, "neu": 0.824, "compound": 0.4939}
{"id": "610103164176433152", "pos": 0.136, "neg": 0.045, "neu": 0.818, "compound": 0.9991}
{"id": "608365725540085763", "pos": 0.145, "neg": 0.071, "neu": 0.784, "compound": 0.9991}
{"id": "607700276707917824", "pos": 0.059, "neg": 0.023, "neu": 0.918, "compound": 0.9002}
{"id": "608095177547202561", "pos": 0.054, "neg": 0.056, "neu": 0.889, "compound": 0.0966}
{"id": "608078819279441920", "pos": 0.149, "neg": 0.051, "neu": 0.8, "compound": 0.9984}
{"id": "609498561500315648", "pos": 0.127, "neg": 0.033, "neu": 0.84, "compound": 0.9707}
{"id": "609990980691980288", "pos": 0.0, "neg": 0.105, "neu": 0.895, "compound": -0.8338}
{"id": "609959724553867264", "pos": 0.064, "neg": 0.11, "neu": 0.826, "compound": -0.9907}
{"id": "609757375252201472", "pos": 0.129, "neg": 0.056, "neu": 0.815, "compound": 0.765}
{"id": "609494609065025536", "pos": 0.044, "neg": 0.049, "neu": 0.907, "compound": 0.2605}
{"id": "609417394759565312", "pos": 0.115, "neg": 0.048, "neu": 0.837, "compound": 0.9952}
{"id": "609767455142113280", "pos": 0.134, "neg": 0.031, "neu": 0.834, "compound": 0.9948}
{"id": "608554075412520961", "pos": 0.02, "neg": 0.082, "neu": 0.898, "compound": -0.8942}
{"id": "609521850167750656", "pos": 0.163, "neg": 0.151, "neu": 0.686, "compound": -0.6875}
{"id": "608343274714210304", "pos": 0.111, "neg": 0.113, "neu": 0.775, "compound": -0.4064}
{"id": "610073192921726976", "pos": 0.0, "neg": 0.0, "neu": 0.0, "compound": 0.0}
{"id": "609616450681049088", "pos": 0.076, "neg": 0.031, "neu": 0.892, "compound": 0.9842}
{"id": "608372520555814912", "pos": 0.066, "neg": 0.034, "neu": 0.9, "compound": 0.2732}
{"id": "609366113466621952", "pos": 0.109, "neg": 0.02, "neu": 0.871, "compound": 0.9953}
{"id": "608082154258632705", "pos": 0.112, "neg": 0.052, "neu": 0.837, "compound": 0.5423}
{"id": "608102726140989441", "pos": 0.021, "neg": 0.0, "neu": 0.979, "compound": 0.3954}
{"id": "608851445278982144", "pos": 0.088, "neg": 0.085, "neu": 0.827, "compound": -0.8992}
{"id": "608682343692386306", "pos": 0.076, "neg": 0.144, "neu": 0.781, "compound": -0.9953}
{"id": "610056503626698752", "pos": 0.058, "neg": 0.024, "neu": 0.918, "compound": 0.9668}
{"id": "608085660751261696", "pos": 0.0, "neg": 0.0, "neu": 0.0, "compound": 0.0}
{"id": "609048367600123904", "pos": 0.118, "neg": 0.048, "neu": 0.834, "compound": 0.9888}
{"id": "609072487163408386", "pos": 0.028, "neg": 0.032, "neu": 0.94, "compound": -0.154}
{"id": "610161502880821248", "pos": 0.0, "neg": 0.0, "neu": 0.0, "compound": 0.0}
{"id": "609690694492549120", "pos": 0.1, "neg": 0.12, "neu": 0.781, "compound": -0.9117}
{"id": "608997777201356800", "pos": 0.037, "neg": 0.045, "neu": 0.918, "compound": -0.2832}
{"id": "609816952857591808", "pos": 0.094, "neg": 0.07, "neu": 0.836, "compound": -0.0258}
{"id": "608411514228203520", "pos": 0.139, "neg": 0.019, "neu": 0.843, "compound": 0.9983}
{"id": "607901393756778496", "pos": 0.026, "neg": 0.058, "neu": 0.916, "compound": -0.5106}
{"id": "608744463796609024", "pos": 0.044, "neg": 0.043, "neu": 0.912, "compound": 0.2992}
{"id": "609786417850544131", "pos": 0.098, "neg": 0.07, "neu": 0.832, "compound": 0.9911}
{"id": "608413703072063488", "pos": 0.087, "neg": 0.053, "neu": 0.859, "compound": 0.9759}
{"id": "608961210290196481", "pos": 0.078, "neg": 0.114, "neu": 0.808, "compound": -0.9707}
{"id": "608859210269470720", "pos": 0.087, "neg": 0.063, "neu": 0.85, "compound": 0.9797}
{"id": "609135817450237953", "pos": 0.064, "neg": 0.021, "neu": 0.914, "compound": 0.9915}
{"id": "608598498850668544", "pos": 0.136, "neg": 0.062, "neu": 0.803, "compound": 0.7856}
{"id": "609064118478381056", "pos": 0.092, "neg": 0.067, "neu": 0.841, "compound": 0.8811}
{"id": "607753200792420352", "pos": 0.35, "neg": 0.0, "neu": 0.65, "compound": 0.9942}
{"id": "607672568057700352", "pos": 0.197, "neg": 0.037, "neu": 0.766, "compound": 0.9867}
{"id": "608358832146903041", "pos": 0.072, "neg": 0.112, "neu": 0.816, "compound": -0.998}
{"id": "608714030937604096", "pos": 0.047, "neg": 0.03, "neu": 0.923, "compound": 0.8217}
{"id": "609465595835379712", "pos": 0.106, "neg": 0.104, "neu": 0.791, "compound": 0.9648}
{"id": "609552667942219777", "pos": 0.153, "neg": 0.0, "neu": 0.847, "compound": 0.9598}
{"id": "609108415512780800", "pos": 0.093, "neg": 0.037, "neu": 0.87, "compound": 0.9985}
{"id": "608049895874920449", "pos": 0.0, "neg": 0.0, "neu": 0.0, "compound": 0.0}
{"id": "608095810635579392", "pos": 0.0, "neg": 0.0, "neu": 0.0, "compound": 0.0}
{"id": "607898186359967747", "pos": 0.119, "neg": 0.121, "neu": 0.76, "compound": -0.97}
{"id": "609846489121169408", "pos": 0.052, "neg": 0.043, "neu": 0.905, "compound": 0.0057}
{"id": "609409865119834112", "pos": 0.159, "neg": 0.083, "neu": 0.757, "compound": 0.9664}
{"id": "608741426621341696", "pos": 0.047, "neg": 0.177, "neu": 0.776, "compound": -0.9997}
{"id": "608704949422276608", "pos": 0.162, "neg": 0.062, "neu": 0.777, "compound": 0.9998}
{"id": "609046813455302656", "pos": 0.129, "neg": 0.048, "neu": 0.823, "compound": 0.9939}
{"id": "607675970632351744", "pos": 0.114, "neg": 0.099, "neu": 0.787, "compound": -0.2677}
{"id": "610149200228167680", "pos": 0.054, "neg": 0.126, "neu": 0.82, "compound": -0.9534}
{"id": "609344284815421440", "pos": 0.065, "neg": 0.04, "neu": 0.895, "compound": 0.8929}
{"id": "609012177182273536", "pos": 0.082, "neg": 0.0, "neu": 0.918, "compound": 0.9287}
{"id": "609032099299876864", "pos": 0.01, "neg": 0.097, "neu": 0.893, "compound": -0.9956}
{"id": "610008000405864448", "pos": 0.072, "neg": 0.103, "neu": 0.825, "compound": -0.9909}
{"id": "608333579823783936", "pos": 0.056, "neg": 0.105, "neu": 0.839, "compound": -0.9972}
{"id": "607934124813205505", "pos": 0.092, "neg": 0.04, "neu": 0.868, "compound": 0.9234}
{"id": "609363313047281665", "pos": 0.146, "neg": 0.064, "neu": 0.79, "compound": 0.982}
{"id": "607869077034528768", "pos": 0.119, "neg": 0.103, "neu": 0.779, "compound": 0.3244}
{"id": "609261389237108736", "pos": 0.198, "neg": 0.009, "neu": 0.794, "compound": 0.9921}
{"id": "608312114055409664", "pos": 0.0, "neg": 0.0, "neu": 1.0, "compound": 0.0}
{"id": "610079178499747840", "pos": 0.0, "neg": 0.0, "neu": 0.0, "compound": 0.0}
{"id": "608036256858128385", "pos": 0.078, "neg": 0.017, "neu": 0.905, "compound": 0.7097}
{"id": "609745613354323968", "pos": 0.142, "neg": 0.148, "neu": 0.71, "compound": -0.6531}
{"id": "608686580480344064", "pos": 0.124, "neg": 0.021, "neu": 0.856, "compound": 0.9358}
{"id": "609794393071968256", "pos": 0.054, "neg": 0.074, "neu": 0.872, "compound": -0.564}
{"id": "608189886122848256", "pos": 0.077, "neg": 0.035, "neu": 0.888, "compound": 0.9817}
{"id": "609074889035788289", "pos": 0.0, "neg": 0.0, "neu": 1.0, "compound": 0.0}
{"id": "609004486280028160", "pos": 0.049, "neg": 0.133, "neu": 0.818, "compound": -0.9992}
{"id": "609078897779556353", "pos": 0.144, "neg": 0.052, "neu": 0.804, "compound": 0.9666}
{"id": "609903122270560256", "pos": 0.144, "neg": 0.069, "neu": 0.787, "compound": 0.4678}
{"id": "609402313371992064", "pos": 0.028, "neg": 0.044, "neu": 0.928, "compound": -0.7096}
{"id": "608999590243741697", "pos": 0.153, "neg": 0.095, "neu": 0.751, "compound": 0.9829}
{"id": "609351511324381184", "pos": 0.146, "neg": 0.018, "neu": 0.836, "compound": 0.993}
{"id": "609836676190482432", "pos": 0.139, "neg": 0.052, "neu": 0.809, "compound": 0.9992}
{"id": "609127121483644929", "pos": 0.072, "neg": 0.052, "neu": 0.876, "compound": 0.8271}
{"id": "608130166842388480", "pos": 0.0, "neg": 0.0, "neu": 0.0, "compound": 0.0}
{"id": "609042545465622528", "pos": 0.164, "neg": 0.098, "neu": 0.739, "compound": 0.9713}
{"id": "609668675650523136", "pos": 0.044, "neg": 0.143, "neu": 0.813, "compound": -0.9984}
{"id": "609047475886895104", "pos": 0.128, "neg": 0.0, "neu": 0.872, "compound": 0.9337}
{"id": "610187469779111936", "pos": 0.11, "neg": 0.027, "neu": 0.863, "compound": 0.9957}
{"id": "608925421648908290", "pos": 0.102, "neg": 0.074, "neu": 0.824, "compound": 0.8072}
{"id": "607932371489296384", "pos": 0.045, "neg": 0.08, "neu": 0.875, "compound": -0.8979}
{"id": "608756156476076032", "pos": 0.127, "neg": 0.015, "neu": 0.858, "compound": 0.8781}
{"id": "609100107804504064", "pos": 0.054, "neg": 0.033, "neu": 0.913, "compound": 0.9787}
{"id": "607978502730563584", "pos": 0.055, "neg": 0.037, "neu": 0.908, "compound": 0.6542}
{"id": "607754648645181440", "pos": 0.085, "neg": 0.097, "neu": 0.818, "compound": -0.5157}
{"id": "607980537643278336", "pos": 0.063, "neg": 0.06, "neu": 0.876, "compound": 0.0955}
{"id": "609643054664957952", "pos": 0.112, "neg": 0.086, "neu": 0.802, "compound": 0.989}
{"id": "608667625007235073", "pos": 0.18, "neg": 0.075, "neu": 0.746, "compound": 0.9587}
{"id": "608506976335585282", "pos": 0.172, "neg": 0.082, "neu": 0.746, "compound": 0.9997}
{"id": "607857368676859905", "pos": 0.049, "neg": 0.168, "neu": 0.783, "compound": -0.9995}
{"id": "607901522349793280", "pos": 0.062, "neg": 0.013, "neu": 0.925, "compound": 0.5267}
{"id": "608132917253021696", "pos": 0.177, "neg": 0.029, "neu": 0.794, "compound": 0.9987}
{"id": "609078430127271936", "pos": 0.147, "neg": 0.03, "neu": 0.823, "compound": 0.9974}
{"id": "607685125346885633", "pos": 0.0, "neg": 0.0, "neu": 0.0, "compound": 0.0}
{"id": "607989226144169984", "pos": 0.13, "neg": 0.084, "neu": 0.786, "compound": 0.9995}
{"id": "609497843594715137", "pos": 0.064, "neg": 0.07, "neu": 0.865, "compound": -0.9791}
{"id": "609267177439535104", "pos": 0.124, "neg": 0.114, "neu": 0.762, "compound": 0.9197}
{"id": "609651590291714048", "pos": 0.136, "neg": 0.056, "neu": 0.808, "compound": 0.9817}
{"id": "609117193104703489", "pos": 0.22, "neg": 0.035, "neu": 0.745, "compound": 0.9022}
{"id": "608934123852333056", "pos": 0.056, "neg": 0.072, "neu": 0.872, "compound": -0.914}
{"id": "608458427921264641", "pos": 0.09, "neg": 0.08, "neu": 0.83, "compound": 0.4408}
{"id": "609313805839937536", "pos": 0.069, "neg": 0.123, "neu": 0.809, "compound": -0.9905}
{"id": "608964975957303296", "pos": 0.1, "neg": 0.064, "neu": 0.836, "compound": 0.9527}
{"id": "609321884744871936", "pos": 0.068, "neg": 0.024, "neu": 0.908, "compound": 0.9525}
{"id": "608084103695470592", "pos": 0.059, "neg": 0.05, "neu": 0.891, "compound": 0.7876}
{"id": "609085223599546368", "pos": 0.15, "neg": 0.04, "neu": 0.81, "compound": 0.9187}
{"id": "609391614881058816", "pos": 0.092, "neg": 0.049, "neu": 0.859, "compound": 0.9938}
{"id": "609157583878889472", "pos": 0.097, "neg": 0.089, "neu": 0.814, "compound": 0.69}
{"id": "609007214792204288", "pos": 0.032, "neg": 0.03, "neu": 0.937, "compound": 0.1068}
{"id": "609376622085545984", "pos": 0.106, "neg": 0.038, "neu": 0.855, "compound": 0.9901}
{"id": "609658688425562112", "pos": 0.104, "neg": 0.082, "neu": 0.814, "compound": 0.9644}
{"id": "609910906177372160", "pos": 0.124, "neg": 0.009, "neu": 0.867, "compound": 0.9836}
{"id": "609118839331299328", "pos": 0.088, "neg": 0.075, "neu": 0.837, "compound": 0.9289}
{"id": "607854609676267521", "pos": 0.0, "neg": 0.055, "neu": 0.945, "compound": -0.5574}
{"id": "607880160944070656", "pos": 0.024, "neg": 0.109, "neu": 0.867, "compound": -0.9269}
{"id": "609803196970565632", "pos": 0.128, "neg": 0.088, "neu": 0.784, "compound": 0.9326}
{"id": "609004935515021312", "pos": 0.055, "neg": 0.003, "neu": 0.942, "compound": 0.9561}
{"id": "608722692779425792", "pos": 0.187, "neg": 0.034, "neu": 0.779, "compound": 0.9961}
{"id": "607997045673193473", "pos": 0.101, "neg": 0.04, "neu": 0.859, "compound": 0.6956}
{"id": "608935192691118080", "pos": 0.014, "neg": 0.129, "neu": 0.857, "compound": -0.9935}
{"id": "610076601515155456", "pos": 0.04, "neg": 0.089, "neu": 0.872, "compound": -0.9943}
{"id": "609688974320345088", "pos": 0.056, "neg": 0.01, "neu": 0.933, "compound": 0.7823}
{"id": "609988792947224576", "pos": 0.114, "neg": 0.039, "neu": 0.848, "compound": 0.9971}
{"id": "608245509959106560", "pos": 0.077, "neg": 0.087, "neu": 0.836, "compound": -0.9156}
{"id": "609490872334458880", "pos": 0.045, "neg": 0.052, "neu": 0.903, "compound": -0.9535}
{"id": "607996104332984325", "pos": 0.019, "neg": 0.074, "neu": 0.906, "compound": -0.9909}
{"id": "607996802080501761", "pos": 0.102, "neg": 0.047, "neu": 0.851, "compound": 0.9761}
{"id": "610076987286142976", "pos": 0.119, "neg": 0.05, "neu": 0.831, "compound": 0.997}
{"id": "608755787540750337", "pos": 0.254, "neg": 0.031, "neu": 0.715, "compound": 0.9795}
{"id": "609198527256895488", "pos": 0.0, "neg": 0.0, "neu": 0.0, "compound": 0.0}
{"id": "608622195611430912", "pos": 0.087, "neg": 0.095, "neu": 0.818, "compound": -0.3225}
{"id": "609238535384760320", "pos": 0.166, "neg": 0.067, "neu": 0.767, "compound": 0.9985}
{"id": "609850308974526464", "pos": 0.131, "neg": 0.05, "neu": 0.819, "compound": 0.9841}
{"id": "608640561231187968", "pos": 0.166, "neg": 0.044, "neu": 0.79, "compound": 0.9997}
{"id": "608498975277240320", "pos": 0.0, "neg": 0.268, "neu": 0.732, "compound": -0.296}
{"id": "609025705297338368", "pos": 0.134, "neg": 0.069, "neu": 0.796, "compound": 0.983}
{"id": "608340636778004480", "pos": 0.062, "neg": 0.167, "neu": 0.771, "compound": -0.9996}
{"id": "609588624158556160", "pos": 0.103, "neg": 0.035, "neu": 0.862, "compound": 0.9941}
{"id": "609323575716237313", "pos": 0.057, "neg": 0.042, "neu": 0.901, "compound": 0.8208}
{"id": "609348021697048576", "pos": 0.123, "neg": 0.068, "neu": 0.809, "compound": 0.9963}
{"id": "609376177929756673", "pos": 0.165, "neg": 0.141, "neu": 0.694, "compound": 0.9921}
{"id": "607734081380483072", "pos": 0.074, "neg": 0.054, "neu": 0.872, "compound": 0.7052}
{"id": "609820070286610432", "pos": 0.118, "neg": 0.014, "neu": 0.868, "compound": 0.9451}
{"id": "610089677652107264", "pos": 0.03, "neg": 0.006, "neu": 0.964, "compound": 0.868}
{"id": "608058267965788160", "pos": 0.054, "neg": 0.014, "neu": 0.931, "compound": 0.9407}
{"id": "608117816915578880", "pos": 0.147, "neg": 0.045, "neu": 0.807, "compound": 0.9996}
{"id": "609722649149747200", "pos": 0.08, "neg": 0.02, "neu": 0.899, "compound": 0.9437}
{"id": "609075399239139329", "pos": 0.053, "neg": 0.063, "neu": 0.883, "compound": -0.852}
{"id": "609785572945563648", "pos": 0.113, "neg": 0.094, "neu": 0.793, "compound": 0.8749}
{"id": "609447611481911296", "pos": 0.199, "neg": 0.066, "neu": 0.735, "compound": 0.7943}
{"id": "607979970208665600", "pos": 0.026, "neg": 0.0, "neu": 0.974, "compound": 0.5499}
{"id": "609257607786831872", "pos": 0.137, "neg": 0.058, "neu": 0.805, "compound": 0.9912}
{"id": "608127659764281344", "pos": 0.093, "neg": 0.07, "neu": 0.837, "compound": 0.9729}
{"id": "608755591729668097", "pos": 0.118, "neg": 0.064, "neu": 0.817, "compound": 0.8399}
{"id": "610013784401428481", "pos": 0.033, "neg": 0.04, "neu": 0.927, "compound": -0.2732}
{"id": "608988326167724032", "pos": 0.091, "neg": 0.126, "neu": 0.782, "compound": -0.9869}
{"id": "609387354072219648", "pos": 0.098, "neg": 0.021, "neu": 0.881, "compound": 0.9861}
{"id": "608313432232861696", "pos": 0.092, "neg": 0.112, "neu": 0.796, "compound": -0.6512}
{"id": "608151562477662208", "pos": 0.114, "neg": 0.09, "neu": 0.796, "compound": 0.9953}
{"id": "609102865911513090", "pos": 0.193, "neg": 0.017, "neu": 0.79, "compound": 0.9912}
{"id": "609722161725509632", "pos": 0.124, "neg": 0.039, "neu": 0.836, "compound": 0.9988}
{"id": "609035658338967552", "pos": 0.086, "neg": 0.003, "neu": 0.91, "compound": 0.9709}
{"id": "610138857850470400", "pos": 0.089, "neg": 0.029, "neu": 0.882, "compound": 0.9817}
{"id": "608592350848389120", "pos": 0.103, "neg": 0.168, "neu": 0.729, "compound": -0.9941}
{"id": "608801588308656128", "pos": 0.098, "neg": 0.022, "neu": 0.88, "compound": 0.997}
{"id": "608019431755673600", "pos": 0.135, "neg": 0.008, "neu": 0.858, "compound": 0.9933}
{"id": "609373412406992896", "pos": 0.165, "neg": 0.077, "neu": 0.759, "compound": 0.8932}
{"id": "608560069144289280", "pos": 0.061, "neg": 0.088, "neu": 0.85, "compound": -0.9745}
{"id": "609757152547356672", "pos": 0.076, "neg": 0.11, "neu": 0.814, "compound": -0.6908}
{"id": "609009807807385601", "pos": 0.03, "neg": 0.061, "neu": 0.909, "compound": -0.9841}
{"id": "610087465748197377", "pos": 0.092, "neg": 0.057, "neu": 0.851, "compound": 0.9901}
{"id": "609008965263982593", "pos": 0.124, "neg": 0.03, "neu": 0.846, "compound": 0.9851}
{"id": "608453791227088896", "pos": 0.026, "neg": 0.146, "neu": 0.829, "compound": -0.9786}
{"id": "609114651880652802", "pos": 0.111, "neg": 0.034, "neu": 0.855, "compound": 0.9963}
{"id": "609543754450608129", "pos": 0.148, "neg": 0.072, "neu": 0.78, "compound": 0.899}
{"id": "610139152475000832", "pos": 0.0, "neg": 0.0, "neu": 0.0, "compound": 0.0}
{"id": "609579224299536384", "pos": 0.078, "neg": 0.0, "neu": 0.922, "compound": 0.9615}
{"id": "608584579390275584", "pos": 0.084, "neg": 0.048, "neu": 0.868, "compound": 0.8481}
{"id": "608177000780546048", "pos": 0.056, "neg": 0.024, "neu": 0.92, "compound": 0.296}
{"id": "608349920286896128", "pos": 0.041, "neg": 0.0, "neu": 0.959, "compound": 0.34}
{"id": "608337786828148736", "pos": 0.125, "neg": 0.0, "neu": 0.875, "compound": 0.9274}
{"id": "608239541070274560", "pos": 0.04, "neg": 0.018, "neu": 0.941, "compound": 0.8294}
{"id": "607799720585486336", "pos": 0.025, "neg": 0.078, "neu": 0.897, "compound": -0.9413}
{"id": "609009022771941376", "pos": 0.053, "neg": 0.062, "neu": 0.885, "compound": -0.7809}
{"id": "609486090735501312", "pos": 0.102, "neg": 0.07, "neu": 0.827, "compound": 0.9727}
{"id": "609059065134768128", "pos": 0.126, "neg": 0.084, "neu": 0.79, "compound": 0.7591}
{"id": "609070692986847232", "pos": 0.091, "neg": 0.034, "neu": 0.876, "compound": 0.8674}
{"id": "609303243831836672", "pos": 0.083, "neg": 0.079, "neu": 0.837, "compound": 0.3586}
{"id": "609799914906714112", "pos": 0.0, "neg": 0.0, "neu": 1.0, "compound": 0.0}
{"id": "608096721923665921", "pos": 0.072, "neg": 0.108, "neu": 0.82, "compound": -0.3818}
{"id": "609824622629023745", "pos": 0.061, "neg": 0.052, "neu": 0.887, "compound": -0.3103}
{"id": "609022302257188867", "pos": 0.075, "neg": 0.055, "neu": 0.87, "compound": 0.5716}
{"id": "609842486027137024", "pos": 0.092, "neg": 0.032, "neu": 0.876, "compound": 0.9645}
{"id": "607856239750414336", "pos": 0.18, "neg": 0.093, "neu": 0.728, "compound": 0.9969}
{"id": "609360579984236544", "pos": 0.064, "neg": 0.037, "neu": 0.9, "compound": 0.7579}
{"id": "608017642037706753", "pos": 0.224, "neg": 0.034, "neu": 0.742, "compound": 0.9893}
{"id": "609429992766877696", "pos": 0.146, "neg": 0.078, "neu": 0.776, "compound": 0.8807}
{"id": "609403840052469760", "pos": 0.112, "neg": 0.025, "neu": 0.862, "compound": 0.9927}
{"id": "609098225107107840", "pos": 0.066, "neg": 0.016, "neu": 0.917, "compound": 0.9376}
{"id": "609779057014755329", "pos": 0.038, "neg": 0.076, "neu": 0.886, "compound": -0.6326}
{"id": "608643048088694784", "pos": 0.068, "neg": 0.0, "neu": 0.932, "compound": 0.5499}
{"id": "609012492933537794", "pos": 0.078, "neg": 0.11, "neu": 0.813, "compound": -0.9874}
{"id": "610047431804329984", "pos": 0.017, "neg": 0.02, "neu": 0.963, "compound": -0.1531}
{"id": "608387621509808128", "pos": 0.046, "neg": 0.0, "neu": 0.954, "compound": 0.4215}
{"id": "609445816009367552", "pos": 0.024, "neg": 0.085, "neu": 0.89, "compound": -0.9426}
{"id": "610030285623816192", "pos": 0.084, "neg": 0.155, "neu": 0.761, "compound": -0.9896}
{"id": "608014414969593856", "pos": 0.149, "neg": 0.064, "neu": 0.788, "compound": 0.9995}
{"id": "608568493743742976", "pos": 0.124, "neg": 0.027, "neu": 0.849, "compound": 0.9983}
{"id": "610080518453891072", "pos": 0.08, "neg": 0.052, "neu": 0.868, "compound": 0.9826}
{"id": "609338820388081664", "pos": 0.099, "neg": 0.061, "neu": 0.839, "compound": 0.2382}
{"id": "609136628192444416", "pos": 0.033, "neg": 0.157, "neu": 0.81, "compound": -0.9832}
{"id": "609019259398811648", "pos": 0.089, "neg": 0.104, "neu": 0.807, "compound": -0.94}
{"id": "607928146877235202", "pos": 0.067, "neg": 0.132, "neu": 0.801, "compound": -0.9944}
{"id": "607984957181575169", "pos": 0.071, "neg": 0.075, "neu": 0.854, "compound": 0.2229}
{"id": "609402067032088576", "pos": 0.074, "neg": 0.075, "neu": 0.851, "compound": 0.7995}
{"id": "607733281354694656", "pos": 0.151, "neg": 0.029, "neu": 0.82, "compound": 0.9952}
{"id": "609692463192633345", "pos": 0.072, "neg": 0.101, "neu": 0.827, "compound": -0.9654}
{"id": "608974835549659136", "pos": 0.049, "neg": 0.069, "neu": 0.882, "compound": -0.6725}
{"id": "608258383586721792", "pos": 0.105, "neg": 0.037, "neu": 0.858, "compound": 0.9961}
{"id": "608609109735288832", "pos": 0.156, "neg": 0.098, "neu": 0.746, "compound": 0.9973}
{"id": "608012739550789632", "pos": 0.115, "neg": 0.094, "neu": 0.792, "compound": 0.9609}
{"id": "608122921433866241", "pos": 0.119, "neg": 0.016, "neu": 0.865, "compound": 0.9932}
{"id": "608661269068001281", "pos": 0.146, "neg": 0.031, "neu": 0.823, "compound": 0.9973}
{"id": "607763519409225728", "pos": 0.026, "neg": 0.083, "neu": 0.891, "compound": -0.9663}
{"id": "609162980723326977", "pos": 0.0, "neg": 0.0, "neu": 0.0, "compound": 0.0}
{"id": "607951603417645056", "pos": 0.041, "neg": 0.045, "neu": 0.914, "compound": -0.8268}
{"id": "609402434084032513", "pos": 0.155, "neg": 0.0, "neu": 0.845, "compound": 0.8047}
{"id": "610193347400085504", "pos": 0.096, "neg": 0.052, "neu": 0.852, "compound": 0.9863}
{"id": "608660027570835456", "pos": 0.161, "neg": 0.043, "neu": 0.796, "compound": 0.9878}
{"id": "609404828968574976", "pos": 0.269, "neg": 0.04, "neu": 0.691, "compound": 0.9705}
{"id": "609239189742350336", "pos": 0.116, "neg": 0.074, "neu": 0.81, "compound": 0.9913}
{"id": "610133379988623360", "pos": 0.0, "neg": 0.0, "neu": 1.0, "compound": 0.0}
{"id": "609227391651610625", "pos": 0.139, "neg": 0.016, "neu": 0.845, "compound": 0.9905}
{"id": "608674006435102720", "pos": 0.0, "neg": 0.0, "neu": 1.0, "compound": 0.0}
{"id": "608321885860950016", "pos": 0.0, "neg": 0.0, "neu": 0.0, "compound": 0.0}
{"id": "608929475833790464", "pos": 0.194, "neg": 0.0, "neu": 0.806, "compound": 0.969}
{"id": "610039133029969920", "pos": 0.057, "neg": 0.107, "neu": 0.837, "compound": -0.9736}
{"id": "610098529286115328", "pos": 0.042, "neg": 0.102, "neu": 0.857, "compound": -0.9906}
{"id": "609072092961718272", "pos": 0.101, "neg": 0.076, "neu": 0.823, "compound": 0.9831}
{"id": "610066339106037761", "pos": 0.11, "neg": 0.109, "neu": 0.781, "compound": 0.1946}
{"id": "608868793817907200", "pos": 0.078, "neg": 0.054, "neu": 0.868, "compound": -0.4927}
{"id": "609001931663618048", "pos": 0.045, "neg": 0.11, "neu": 0.845, "compound": -0.9169}
{"id": "608743812333236225", "pos": 0.059, "neg": 0.01, "neu": 0.931, "compound": 0.926}
{"id": "609281511372816384", "pos": 0.0, "neg": 0.024, "neu": 0.976, "compound": -0.0516}
{"id": "607970640084258816", "pos": 0.087, "neg": 0.044, "neu": 0.869, "compound": 0.7579}
{"id": "609534465925357568", "pos": 0.11, "neg": 0.094, "neu": 0.796, "compound": 0.9863}
{"id": "609289305794723840", "pos": 0.112, "neg": 0.109, "neu": 0.779, "compound": -0.6968}
{"id": "608719223913914369", "pos": 0.076, "neg": 0.144, "neu": 0.781, "compound": -0.9953}
{"id": "608420835481759744", "pos": 0.07, "neg": 0.044, "neu": 0.886, "compound": 0.6196}
{"id": "609013608438185984", "pos": 0.142, "neg": 0.063, "neu": 0.795, "compound": 0.9992}
{"id": "609835162935934978", "pos": 0.077, "neg": 0.0, "neu": 0.923, "compound": 0.9435}
{"id": "610075776856260608", "pos": 0.01, "neg": 0.07, "neu": 0.919, "compound": -0.9159}
{"id": "609000415322103808", "pos": 0.072, "neg": 0.061, "neu": 0.867, "compound": 0.971}
{"id": "609597332263337984", "pos": 0.041, "neg": 0.0, "neu": 0.959, "compound": 0.4199}
{"id": "608280186472288257", "pos": 0.066, "neg": 0.166, "neu": 0.768, "compound": -0.9913}
{"id": "608793547911757824", "pos": 0.124, "neg": 0.053, "neu": 0.823, "compound": 0.9953}
{"id": "608689261026668544", "pos": 0.116, "neg": 0.0, "neu": 0.884, "compound": 0.4871}
{"id": "609294227235864578", "pos": 0.132, "neg": 0.032, "neu": 0.836, "compound": 0.9981}
{"id": "609715103101902848", "pos": 0.095, "neg": 0.101, "neu": 0.804, "compound": -0.8385}
{"id": "609393521846566912", "pos": 0.071, "neg": 0.018, "neu": 0.911, "compound": 0.9806}
