{"id": "858462320779026433", "pos": 0.089, "neg": 0.194, "neu": 0.717, "compound": -0.9994}
{"id": "858421020331560960", "pos": 0.088, "neg": 0.03, "neu": 0.881, "compound": 0.9687}
{"id": "858368123753435136", "pos": 0.139, "neg": 0.037, "neu": 0.824, "compound": 0.9989}
{"id": "858323428260139008", "pos": 0.231, "neg": 0.023, "neu": 0.746, "compound": 0.9739}
{"id": "858283602626347008", "pos": 0.084, "neg": 0.095, "neu": 0.821, "compound": -0.7795}
{"id": "858224473597779969", "pos": 0.112, "neg": 0.018, "neu": 0.87, "compound": 0.9604}
{"id": "858222698367000577", "pos": 0.082, "neg": 0.036, "neu": 0.882, "compound": 0.9956}
{"id": "858191667739987968", "pos": 0.152, "neg": 0.041, "neu": 0.807, "compound": 0.982}
{"id": "858153572571197440", "pos": 0.087, "neg": 0.098, "neu": 0.815, "compound": -0.8151}
{"id": "858150052782645249", "pos": 0.015, "neg": 0.127, "neu": 0.858, "compound": -0.9766}
{"id": "858137811039465472", "pos": 0.118, "neg": 0.051, "neu": 0.83, "compound": 0.9893}
{"id": "858070460814184448", "pos": 0.143, "neg": 0.058, "neu": 0.799, "compound": 0.9999}
{"id": "858048368974733312", "pos": 0.144, "neg": 0.117, "neu": 0.739, "compound": 0.9848}
{"id": "858033553468252160", "pos": 0.032, "neg": 0.06, "neu": 0.908, "compound": -0.8947}
{"id": "858025529429065729", "pos": 0.111, "neg": 0.071, "neu": 0.819, "compound": 0.7805}
{"id": "857977494275846144", "pos": 0.143, "neg": 0.05, "neu": 0.807, "compound": 0.9995}
{"id": "857970008269496320", "pos": 0.077, "neg": 0.113, "neu": 0.811, "compound": -0.9747}
{"id": "857924202548088832", "pos": 0.077, "neg": 0.087, "neu": 0.836, "compound": -0.8764}
{"id": "857902233232527360", "pos": 0.083, "neg": 0.051, "neu": 0.865, "compound": 0.9938}
{"id": "857883874663120898", "pos": 0.066, "neg": 0.147, "neu": 0.788, "compound": -0.9985}
{"id": "857818691471380481", "pos": 0.134, "neg": 0.108, "neu": 0.758, "compound": 0.9922}
{"id": "857681004047347713", "pos": 0.085, "neg": 0.066, "neu": 0.849, "compound": 0.7998}
{"id": "857659646663962625", "pos": 0.113, "neg": 0.086, "neu": 0.802, "compound": 0.9822}
{"id": "857647139127558144", "pos": 0.162, "neg": 0.089, "neu": 0.749, "compound": 0.4767}
{"id": "857588031318110208", "pos": 0.132, "neg": 0.041, "neu": 0.826, "compound": 0.9981}
{"id": "857587134491893761", "pos": 0.248, "neg": 0.0, "neu": 0.752, "compound": 0.8975}
{"id": "857543708828467200", "pos": 0.043, "neg": 0.092, "neu": 0.865, "compound": -0.9983}
{"id": "857542383784919040", "pos": 0.087, "neg": 0.135, "neu": 0.779, "compound": -0.7964}
{"id": "857497306077302785", "pos": 0.108, "neg": 0.092, "neu": 0.801, "compound": 0.6903}
{"id": "857478939240955904", "pos": 0.113, "neg": 0.081, "neu": 0.805, "compound": 0.9973}
{"id": "857417141758435328", "pos": 0.085, "neg": 0.113, "neu": 0.801, "compound": -0.9657}
{"id": "857416784953188352", "pos": 0.069, "neg": 0.082, "neu": 0.849, "compound": -0.5106}
{"id": "857403369601761281", "pos": 0.041, "neg": 0.103, "neu": 0.856, "compound": -0.9662}
{"id": "857402097976963075", "pos": 0.043, "neg": 0.173, "neu": 0.784, "compound": -0.9915}
{"id": "857366516186173440", "pos": 0.084, "neg": 0.101, "neu": 0.815, "compound": -0.9194}
{"id": "857320960063655936", "pos": 0.089, "neg": 0.124, "neu": 0.787, "compound": -0.9215}
{"id": "857308307165466625", "pos": 0.154, "neg": 0.006, "neu": 0.84, "compound": 0.9934}
{"id": "857297814954659845", "pos": 0.061, "neg": 0.078, "neu": 0.861, "compound": -0.9301}
{"id": "857258494491332609", "pos": 0.053, "neg": 0.155, "neu": 0.792, "compound": -0.9977}
{"id": "857258494168367104", "pos": 0.075, "neg": 0.046, "neu": 0.878, "compound": 0.7579}
{"id": "857251677904228352", "pos": 0.0, "neg": 0.037, "neu": 0.963, "compound": -0.2263}
{"id": "857247620938559491", "pos": 0.079, "neg": 0.035, "neu": 0.887, "compound": 0.97}
{"id": "857139702989824003", "pos": 0.076, "neg": 0.073, "neu": 0.851, "compound": -0.5647}
{"id": "857068231936364544", "pos": 0.094, "neg": 0.115, "neu": 0.791, "compound": -0.9336}
{"id": "857046844819558400", "pos": 0.06, "neg": 0.072, "neu": 0.868, "compound": -0.9192}
{"id": "856986260447125505", "pos": 0.044, "neg": 0.06, "neu": 0.897, "compound": -0.4518}
{"id": "856946762598277120", "pos": 0.033, "neg": 0.06, "neu": 0.906, "compound": -0.91}
{"id": "856942406339637249", "pos": 0.1, "neg": 0.077, "neu": 0.823, "compound": 0.9763}
{"id": "856934629001056256", "pos": 0.163, "neg": 0.036, "neu": 0.801, "compound": 0.992}
{"id": "856928814936588289", "pos": 0.086, "neg": 0.051, "neu": 0.864, "compound": 0.9693}
{"id": "856877249412378624", "pos": 0.083, "neg": 0.0, "neu": 0.917, "compound": 0.5994}
{"id": "856780134199775232", "pos": 0.035, "neg": 0.095, "neu": 0.87, "compound": -0.8555}
{"id": "856752936017416192", "pos": 0.034, "neg": 0.208, "neu": 0.758, "compound": -0.9996}
{"id": "856693259988611072", "pos": 0.088, "neg": 0.067, "neu": 0.845, "compound": 0.983}
{"id": "856692779883388928", "pos": 0.041, "neg": 0.06, "neu": 0.899, "compound": -0.9344}
{"id": "856681188328603650", "pos": 0.078, "neg": 0.103, "neu": 0.819, "compound": -0.9147}
{"id": "856664601269850112", "pos": 0.096, "neg": 0.048, "neu": 0.855, "compound": 0.943}
{"id": "856621318791462912", "pos": 0.153, "neg": 0.06, "neu": 0.787, "compound": 0.9638}
{"id": "856562464070094848", "pos": 0.105, "neg": 0.041, "neu": 0.854, "compound": 0.9413}
{"id": "856492941795237888", "pos": 0.081, "neg": 0.028, "neu": 0.892, "compound": 0.9788}
{"id": "856474402157887488", "pos": 0.035, "neg": 0.104, "neu": 0.86, "compound": -0.9633}
{"id": "856458143248908288", "pos": 0.031, "neg": 0.052, "neu": 0.917, "compound": -0.7506}
{"id": "856425253240786944", "pos": 0.032, "neg": 0.022, "neu": 0.946, "compound": 0.2481}
{"id": "856369615852756994", "pos": 0.131, "neg": 0.125, "neu": 0.744, "compound": 0.0315}
{"id": "856354300582297600", "pos": 0.15, "neg": 0.036, "neu": 0.814, "compound": 0.9988}
{"id": "856311741474590720", "pos": 0.067, "neg": 0.107, "neu": 0.826, "compound": -0.5574}
{"id": "856286072996864001", "pos": 0.057, "neg": 0.101, "neu": 0.841, "compound": -0.9383}
{"id": "856232580991025153", "pos": 0.079, "neg": 0.012, "neu": 0.909, "compound": 0.9073}
{"id": "856203524631384066", "pos": 0.077, "neg": 0.16, "neu": 0.763, "compound": -0.9945}
{"id": "856199512880230405", "pos": 0.051, "neg": 0.023, "neu": 0.926, "compound": 0.7964}
{"id": "856198484495482880", "pos": 0.083, "neg": 0.063, "neu": 0.854, "compound": 0.8986}
{"id": "856161994419851265", "pos": 0.098, "neg": 0.057, "neu": 0.846, "compound": 0.8337}
{"id": "856113335783313408", "pos": 0.134, "neg": 0.039, "neu": 0.827, "compound": 0.9946}
{"id": "856112780960833536", "pos": 0.109, "neg": 0.0, "neu": 0.891, "compound": 0.7748}
{"id": "856029381562683392", "pos": 0.142, "neg": 0.097, "neu": 0.761, "compound": 0.9852}
{"id": "856026219007156225", "pos": 0.065, "neg": 0.102, "neu": 0.833, "compound": -0.4939}
{"id": "856017796370747392", "pos": 0.123, "neg": 0.098, "neu": 0.779, "compound": 0.9849}
{"id": "855965425993175040", "pos": 0.063, "neg": 0.044, "neu": 0.893, "compound": 0.9743}
{"id": "855955661787627521", "pos": 0.168, "neg": 0.046, "neu": 0.786, "compound": 0.9956}
{"id": "855921918540746756", "pos": 0.092, "neg": 0.141, "neu": 0.766, "compound": -0.9968}
{"id": "855917932014186496", "pos": 0.177, "neg": 0.024, "neu": 0.799, "compound": 0.9931}
{"id": "855913360151502850", "pos": 0.074, "neg": 0.043, "neu": 0.883, "compound": 0.9847}
{"id": "855851740389937152", "pos": 0.06, "neg": 0.125, "neu": 0.816, "compound": -0.9777}
{"id": "855795860751437824", "pos": 0.08, "neg": 0.085, "neu": 0.834, "compound": -0.296}
{"id": "855787287145263105", "pos": 0.165, "neg": 0.003, "neu": 0.832, "compound": 0.9989}
{"id": "855743917584781312", "pos": 0.077, "neg": 0.076, "neu": 0.846, "compound": 0.523}
{"id": "855731167114481664", "pos": 0.059, "neg": 0.065, "neu": 0.876, "compound": 0.3617}
{"id": "855730809969545216", "pos": 0.145, "neg": 0.068, "neu": 0.787, "compound": 0.9997}
{"id": "855695165150949376", "pos": 0.048, "neg": 0.045, "neu": 0.907, "compound": -0.191}
{"id": "855622164359327744", "pos": 0.025, "neg": 0.225, "neu": 0.75, "compound": -0.9501}
{"id": "855514887983955970", "pos": 0.12, "neg": 0.01, "neu": 0.871, "compound": 0.9349}
{"id": "855496610448646146", "pos": 0.248, "neg": 0.0, "neu": 0.752, "compound": 0.9552}
{"id": "855420780628238339", "pos": 0.045, "neg": 0.095, "neu": 0.861, "compound": -0.8422}
{"id": "855315209161916417", "pos": 0.122, "neg": 0.109, "neu": 0.769, "compound": 0.0772}
{"id": "855279932997595136", "pos": 0.099, "neg": 0.071, "neu": 0.83, "compound": 0.9676}
{"id": "855247160689934336", "pos": 0.132, "neg": 0.088, "neu": 0.78, "compound": 1.0}
{"id": "855224570713956352", "pos": 0.091, "neg": 0.035, "neu": 0.873, "compound": 0.9733}
{"id": "855206973264072704", "pos": 0.17, "neg": 0.077, "neu": 0.753, "compound": 0.9991}
{"id": "855194637828542466", "pos": 0.045, "neg": 0.034, "neu": 0.921, "compound": 0.732}
{"id": "855113853948055552", "pos": 0.146, "neg": 0.065, "neu": 0.788, "compound": 0.9993}
{"id": "855107177224302593", "pos": 0.0, "neg": 0.16, "neu": 0.84, "compound": -0.2263}
{"id": "855078905975328768", "pos": 0.148, "neg": 0.025, "neu": 0.827, "compound": 0.9911}
{"id": "855049665410203651", "pos": 0.076, "neg": 0.056, "neu": 0.868, "compound": 0.856}
{"id": "855043478895693825", "pos": 0.054, "neg": 0.017, "neu": 0.929, "compound": 0.8943}
{"id": "855026403783344128", "pos": 0.12, "neg": 0.008, "neu": 0.872, "compound": 0.9987}
{"id": "855011727418826756", "pos": 0.14, "neg": 0.132, "neu": 0.728, "compound": 0.9416}
{"id": "854996420268613633", "pos": 0.082, "neg": 0.038, "neu": 0.88, "compound": 0.8823}
{"id": "854938376671244289", "pos": 0.053, "neg": 0.127, "neu": 0.82, "compound": -0.8024}
{"id": "854858902630006787", "pos": 0.071, "neg": 0.029, "neu": 0.9, "compound": 0.9794}
{"id": "854832737949171712", "pos": 0.071, "neg": 0.103, "neu": 0.826, "compound": -0.9565}
{"id": "854820706730639360", "pos": 0.201, "neg": 0.192, "neu": 0.606, "compound": -0.9605}
{"id": "854811886390476802", "pos": 0.067, "neg": 0.058, "neu": 0.874, "compound": 0.5331}
{"id": "854779678363660288", "pos": 0.09, "neg": 0.074, "neu": 0.836, "compound": 0.6349}
{"id": "854741108252958720", "pos": 0.237, "neg": 0.032, "neu": 0.73, "compound": 0.9997}
{"id": "854718233869299714", "pos": 0.17, "neg": 0.009, "neu": 0.821, "compound": 0.9962}
{"id": "854700438788222976", "pos": 0.147, "neg": 0.0, "neu": 0.853, "compound": 0.946}
{"id": "854687470805495808", "pos": 0.069, "neg": 0.071, "neu": 0.861, "compound": -0.1187}
{"id": "854671176152436736", "pos": 0.032, "neg": 0.039, "neu": 0.929, "compound": -0.5267}
{"id": "854645776672272384", "pos": 0.1, "neg": 0.093, "neu": 0.808, "compound": -0.8817}
{"id": "854519013061394434", "pos": 0.18, "neg": 0.021, "neu": 0.799, "compound": 0.9999}
{"id": "854507607637336066", "pos": 0.035, "neg": 0.05, "neu": 0.916, "compound": -0.9755}
{"id": "854461550744219649", "pos": 0.112, "neg": 0.069, "neu": 0.818, "compound": 0.9957}
{"id": "854433102659178496", "pos": 0.096, "neg": 0.035, "neu": 0.869, "compound": 0.9942}
{"id": "854404197437104129", "pos": 0.123, "neg": 0.017, "neu": 0.86, "compound": 0.9876}
{"id": "854355274588729348", "pos": 0.077, "neg": 0.028, "neu": 0.895, "compound": 0.6542}
{"id": "854351357716963329", "pos": 0.029, "neg": 0.011, "neu": 0.96, "compound": 0.5905}
{"id": "854313819396616193", "pos": 0.098, "neg": 0.021, "neu": 0.881, "compound": 0.9943}
{"id": "854305973355372545", "pos": 0.087, "neg": 0.048, "neu": 0.865, "compound": 0.8257}
{"id": "854266073658667008", "pos": 0.061, "neg": 0.085, "neu": 0.853, "compound": -0.9217}
{"id": "854128850493743105", "pos": 0.059, "neg": 0.11, "neu": 0.831, "compound": -0.9891}
{"id": "854079792341286912", "pos": 0.087, "neg": 0.019, "neu": 0.895, "compound": 0.9506}
{"id": "854070498405355521", "pos": 0.093, "neg": 0.077, "neu": 0.83, "compound": 0.9647}
{"id": "854059820055396355", "pos": 0.158, "neg": 0.091, "neu": 0.751, "compound": 0.9999}
{"id": "854045064816971776", "pos": 0.089, "neg": 0.055, "neu": 0.856, "compound": 0.9446}
{"id": "853985186261938176", "pos": 0.053, "neg": 0.078, "neu": 0.868, "compound": -0.4588}
{"id": "853963719394635776", "pos": 0.059, "neg": 0.072, "neu": 0.869, "compound": -0.775}
{"id": "853956333175017474", "pos": 0.119, "neg": 0.033, "neu": 0.848, "compound": 0.9929}
{"id": "853946092416897025", "pos": 0.091, "neg": 0.105, "neu": 0.803, "compound": -0.9487}
{"id": "853941114558173184", "pos": 0.116, "neg": 0.086, "neu": 0.798, "compound": 0.9333}
{"id": "853888909222322176", "pos": 0.096, "neg": 0.061, "neu": 0.843, "compound": 0.9835}
{"id": "853864357209530368", "pos": 0.107, "neg": 0.024, "neu": 0.869, "compound": 0.9975}
{"id": "853851820007055360", "pos": 0.186, "neg": 0.038, "neu": 0.776, "compound": 0.9996}
{"id": "853817799126523904", "pos": 0.125, "neg": 0.118, "neu": 0.757, "compound": -0.6798}
{"id": "853786555370156032", "pos": 0.102, "neg": 0.081, "neu": 0.817, "compound": 0.9237}
{"id": "853759983879630848", "pos": 0.15, "neg": 0.113, "neu": 0.737, "compound": 0.9951}
{"id": "853732519107334144", "pos": 0.069, "neg": 0.05, "neu": 0.881, "compound": 0.9221}
{"id": "853728852157366272", "pos": 0.135, "neg": 0.053, "neu": 0.812, "compound": 0.9776}
{"id": "853691730075537408", "pos": 0.086, "neg": 0.057, "neu": 0.856, "compound": 0.7991}
{"id": "853684418304716800", "pos": 0.044, "neg": 0.03, "neu": 0.926, "compound": 0.2247}
{"id": "853643905732096000", "pos": 0.015, "neg": 0.124, "neu": 0.861, "compound": -0.9865}
{"id": "853562476159488000", "pos": 0.141, "neg": 0.069, "neu": 0.79, "compound": 0.9949}
{"id": "853533432827269121", "pos": 0.017, "neg": 0.172, "neu": 0.811, "compound": -0.9936}
{"id": "853470753425149952", "pos": 0.162, "neg": 0.022, "neu": 0.815, "compound": 0.9994}
{"id": "853362571017162752", "pos": 0.102, "neg": 0.068, "neu": 0.831, "compound": 0.9774}
{"id": "853330354828136448", "pos": 0.07, "neg": 0.032, "neu": 0.897, "compound": 0.9757}
{"id": "853330098308730881", "pos": 0.071, "neg": 0.11, "neu": 0.819, "compound": -0.9427}
{"id": "853278564728397825", "pos": 0.116, "neg": 0.073, "neu": 0.811, "compound": 0.9997}
{"id": "853246572741763072", "pos": 0.042, "neg": 0.091, "neu": 0.868, "compound": -0.9637}
{"id": "853243919533973504", "pos": 0.016, "neg": 0.129, "neu": 0.856, "compound": -0.9855}
{"id": "853219533888290816", "pos": 0.146, "neg": 0.098, "neu": 0.757, "compound": 0.9907}
{"id": "853197600362823680", "pos": 0.146, "neg": 0.064, "neu": 0.79, "compound": 0.9898}
{"id": "853152927199965184", "pos": 0.096, "neg": 0.017, "neu": 0.888, "compound": 0.9859}
{"id": "853109381487091714", "pos": 0.071, "neg": 0.084, "neu": 0.845, "compound": -0.8254}
{"id": "853104852708327425", "pos": 0.041, "neg": 0.095, "neu": 0.863, "compound": -0.8885}
{"id": "853103591183204354", "pos": 0.167, "neg": 0.035, "neu": 0.798, "compound": 0.9876}
{"id": "853087484896452610", "pos": 0.127, "neg": 0.0, "neu": 0.873, "compound": 0.9819}
{"id": "853086284948148224", "pos": 0.153, "neg": 0.0, "neu": 0.847, "compound": 0.2023}
{"id": "853056785166589952", "pos": 0.022, "neg": 0.072, "neu": 0.905, "compound": -0.9678}
{"id": "853052639952678914", "pos": 0.109, "neg": 0.032, "neu": 0.859, "compound": 0.9965}
{"id": "853021803572342784", "pos": 0.22, "neg": 0.013, "neu": 0.767, "compound": 0.9999}
{"id": "853020066748784640", "pos": 0.162, "neg": 0.071, "neu": 0.767, "compound": 0.9997}
{"id": "853010752311091201", "pos": 0.134, "neg": 0.091, "neu": 0.775, "compound": 0.9938}
{"id": "853008749736472581", "pos": 0.094, "neg": 0.071, "neu": 0.835, "compound": 0.9288}
{"id": "852964178717495298", "pos": 0.112, "neg": 0.072, "neu": 0.817, "compound": 0.9817}
{"id": "852950082194481152", "pos": 0.091, "neg": 0.058, "neu": 0.851, "compound": 0.9989}
{"id": "852935080930676737", "pos": 0.175, "neg": 0.075, "neu": 0.75, "compound": 0.9738}
{"id": "852918130598961156", "pos": 0.068, "neg": 0.044, "neu": 0.888, "compound": 0.25}
{"id": "852903556562771976", "pos": 0.083, "neg": 0.041, "neu": 0.876, "compound": 0.9961}
{"id": "852871602882715649", "pos": 0.088, "neg": 0.052, "neu": 0.861, "compound": 0.7155}
{"id": "852858984050675713", "pos": 0.118, "neg": 0.087, "neu": 0.795, "compound": 0.9033}
{"id": "852836331231236096", "pos": 0.219, "neg": 0.067, "neu": 0.714, "compound": 0.9957}
{"id": "852790547190210561", "pos": 0.051, "neg": 0.055, "neu": 0.894, "compound": -0.25}
{"id": "852786843695194114", "pos": 0.038, "neg": 0.07, "neu": 0.892, "compound": -0.9476}
{"id": "852778463182241792", "pos": 0.0, "neg": 0.0, "neu": 1.0, "compound": 0.0}
{"id": "852759743495938048", "pos": 0.101, "neg": 0.074, "neu": 0.825, "compound": 0.7766}
{"id": "852751580432482305", "pos": 0.08, "neg": 0.044, "neu": 0.876, "compound": 0.9682}
{"id": "852750021644517376", "pos": 0.136, "neg": 0.035, "neu": 0.829, "compound": 0.9659}
{"id": "852695448284483584", "pos": 0.123, "neg": 0.102, "neu": 0.775, "compound": 0.7965}
{"id": "852682839103590400", "pos": 0.02, "neg": 0.028, "neu": 0.952, "compound": -0.1585}
{"id": "852669253014761473", "pos": 0.11, "neg": 0.032, "neu": 0.857, "compound": 0.9937}
{"id": "852656449549463552", "pos": 0.097, "neg": 0.046, "neu": 0.858, "compound": 0.808}
{"id": "852625617434685440", "pos": 0.096, "neg": 0.157, "neu": 0.747, "compound": -0.9935}
{"id": "852537721985937409", "pos": 0.074, "neg": 0.18, "neu": 0.746, "compound": -0.9999}
{"id": "852534909407309824", "pos": 0.062, "neg": 0.053, "neu": 0.885, "compound": 0.5871}
{"id": "852491578958647297", "pos": 0.065, "neg": 0.024, "neu": 0.911, "compound": 0.995}
{"id": "852453423790346241", "pos": 0.101, "neg": 0.065, "neu": 0.834, "compound": 0.995}
{"id": "852452049686024192", "pos": 0.077, "neg": 0.141, "neu": 0.782, "compound": -0.9788}
{"id": "852428663312310272", "pos": 0.128, "neg": 0.018, "neu": 0.854, "compound": 0.9829}
{"id": "852420105346719744", "pos": 0.101, "neg": 0.098, "neu": 0.8, "compound": 0.5232}
{"id": "852416830459318272", "pos": 0.058, "neg": 0.055, "neu": 0.888, "compound": 0.7249}
{"id": "852397952844926976", "pos": 0.071, "neg": 0.084, "neu": 0.845, "compound": -0.9191}
{"id": "852385924440784896", "pos": 0.111, "neg": 0.021, "neu": 0.867, "compound": 0.9925}
{"id": "852364699941449728", "pos": 0.111, "neg": 0.079, "neu": 0.81, "compound": 0.7398}
{"id": "852364474636005376", "pos": 0.096, "neg": 0.021, "neu": 0.883, "compound": 0.9966}
{"id": "852329500796997632", "pos": 0.089, "neg": 0.047, "neu": 0.864, "compound": 0.9858}
{"id": "852320475778863105", "pos": 0.063, "neg": 0.08, "neu": 0.857, "compound": -0.902}
{"id": "852219838651039747", "pos": 0.107, "neg": 0.009, "neu": 0.883, "compound": 0.9832}
{"id": "852218494280241153", "pos": 0.079, "neg": 0.126, "neu": 0.794, "compound": -0.9865}
{"id": "852215995653423104", "pos": 0.142, "neg": 0.054, "neu": 0.805, "compound": 0.9938}
{"id": "852212472186646530", "pos": 0.092, "neg": 0.029, "neu": 0.88, "compound": 0.9871}
{"id": "852189739298029568", "pos": 0.08, "neg": 0.018, "neu": 0.902, "compound": 0.9923}
{"id": "852177112282918912", "pos": 0.043, "neg": 0.025, "neu": 0.932, "compound": 0.0954}
{"id": "852174992209055744", "pos": 0.086, "neg": 0.045, "neu": 0.869, "compound": 0.9062}
{"id": "852151521001197569", "pos": 0.025, "neg": 0.123, "neu": 0.851, "compound": -0.9922}
{"id": "852147225652322305", "pos": 0.104, "neg": 0.147, "neu": 0.748, "compound": -0.9963}
{"id": "852144277304078338", "pos": 0.109, "neg": 0.049, "neu": 0.842, "compound": 0.9843}
{"id": "852136180468592640", "pos": 0.119, "neg": 0.0, "neu": 0.881, "compound": 0.8748}
{"id": "852126944292483073", "pos": 0.057, "neg": 0.026, "neu": 0.917, "compound": 0.836}
{"id": "852124904094916608", "pos": 0.097, "neg": 0.081, "neu": 0.822, "compound": 0.9696}
{"id": "852084123606712320", "pos": 0.174, "neg": 0.076, "neu": 0.75, "compound": 0.9477}
{"id": "851935419231031297", "pos": 0.096, "neg": 0.085, "neu": 0.819, "compound": 0.6918}
{"id": "851902726413963265", "pos": 0.122, "neg": 0.068, "neu": 0.81, "compound": 1.0}
{"id": "851902346271629313", "pos": 0.045, "neg": 0.144, "neu": 0.811, "compound": -0.9964}
{"id": "851889048637632512", "pos": 0.091, "neg": 0.116, "neu": 0.793, "compound": -0.9157}
{"id": "851883998431371265", "pos": 0.127, "neg": 0.141, "neu": 0.732, "compound": -0.4939}
{"id": "851872489143762945", "pos": 0.141, "neg": 0.029, "neu": 0.83, "compound": 0.9514}
{"id": "851871293389537282", "pos": 0.053, "neg": 0.151, "neu": 0.795, "compound": -0.8717}
{"id": "851849099821428738", "pos": 0.089, "neg": 0.076, "neu": 0.835, "compound": 0.2023}
{"id": "851809321138737153", "pos": 0.057, "neg": 0.239, "neu": 0.704, "compound": -0.9998}
{"id": "851784440720367616", "pos": 0.114, "neg": 0.099, "neu": 0.787, "compound": 0.318}
{"id": "851749917475393536", "pos": 0.056, "neg": 0.063, "neu": 0.88, "compound": 0.1522}
{"id": "851680728169492482", "pos": 0.027, "neg": 0.064, "neu": 0.909, "compound": -0.9577}
{"id": "851650776581775361", "pos": 0.072, "neg": 0.042, "neu": 0.886, "compound": 0.9446}
{"id": "851520059675725824", "pos": 0.092, "neg": 0.139, "neu": 0.769, "compound": -0.9986}
{"id": "851495716933570561", "pos": 0.017, "neg": 0.138, "neu": 0.845, "compound": -0.9895}
{"id": "851460265627570180", "pos": 0.063, "neg": 0.041, "neu": 0.897, "compound": 0.3182}
{"id": "851457249394294784", "pos": 0.049, "neg": 0.029, "neu": 0.922, "compound": 0.5267}
{"id": "851406931382198272", "pos": 0.196, "neg": 0.074, "neu": 0.73, "compound": 0.9986}
{"id": "851398869925728256", "pos": 0.229, "neg": 0.027, "neu": 0.744, "compound": 0.9747}
{"id": "851367413518135298", "pos": 0.024, "neg": 0.083, "neu": 0.893, "compound": -0.6705}
{"id": "851299466380554240", "pos": 0.11, "neg": 0.106, "neu": 0.784, "compound": 0.1623}
{"id": "851290393987629057", "pos": 0.245, "neg": 0.026, "neu": 0.729, "compound": 0.9981}
{"id": "851235280384339969", "pos": 0.205, "neg": 0.1, "neu": 0.695, "compound": 0.9962}
{"id": "851211382251016192", "pos": 0.046, "neg": 0.102, "neu": 0.852, "compound": -0.6597}
{"id": "851200387323506689", "pos": 0.111, "neg": 0.14, "neu": 0.749, "compound": -0.9902}
{"id": "851173244291997696", "pos": 0.084, "neg": 0.052, "neu": 0.864, "compound": 0.916}
{"id": "851167838056394752", "pos": 0.093, "neg": 0.05, "neu": 0.857, "compound": 0.987}
{"id": "851167756934406145", "pos": 0.125, "neg": 0.075, "neu": 0.8, "compound": 0.9741}
{"id": "851165067181670400", "pos": 0.073, "neg": 0.029, "neu": 0.898, "compound": 0.9947}
{"id": "851147906279256064", "pos": 0.151, "neg": 0.081, "neu": 0.768, "compound": 0.9565}
{"id": "851139800409284608", "pos": 0.11, "neg": 0.109, "neu": 0.782, "compound": -0.5549}
{"id": "851133669163114496", "pos": 0.266, "neg": 0.0, "neu": 0.734, "compound": 0.8975}
{"id": "851129588709289986", "pos": 0.104, "neg": 0.043, "neu": 0.853, "compound": 0.9577}
{"id": "851122563522670592", "pos": 0.072, "neg": 0.116, "neu": 0.812, "compound": -0.9815}
{"id": "851097393785450497", "pos": 0.029, "neg": 0.158, "neu": 0.812, "compound": -0.9938}
{"id": "851049564408827906", "pos": 0.094, "neg": 0.141, "neu": 0.765, "compound": -0.9978}
{"id": "851036973988954112", "pos": 0.184, "neg": 0.039, "neu": 0.777, "compound": 0.9938}
{"id": "851011808882118659", "pos": 0.054, "neg": 0.14, "neu": 0.806, "compound": -0.9969}
{"id": "850983375913529345", "pos": 0.09, "neg": 0.176, "neu": 0.734, "compound": -0.9977}
{"id": "850964775823708162", "pos": 0.0, "neg": 0.175, "neu": 0.825, "compound": -0.8934}
{"id": "850936563710218240", "pos": 0.06, "neg": 0.069, "neu": 0.871, "compound": -0.6235}
{"id": "850909692721332224", "pos": 0.068, "neg": 0.144, "neu": 0.788, "compound": -0.9927}
{"id": "850886241713303552", "pos": 0.089, "neg": 0.111, "neu": 0.8, "compound": -0.5871}
{"id": "850865362484723712", "pos": 0.038, "neg": 0.062, "neu": 0.899, "compound": -0.7363}
{"id": "850860665396797440", "pos": 0.102, "neg": 0.059, "neu": 0.839, "compound": 0.9836}
{"id": "850840523111677952", "pos": 0.128, "neg": 0.149, "neu": 0.724, "compound": -0.802}
{"id": "850797676975271936", "pos": 0.013, "neg": 0.058, "neu": 0.929, "compound": -0.872}
{"id": "850758474191556608", "pos": 0.082, "neg": 0.131, "neu": 0.787, "compound": -0.9522}
{"id": "850748146976268289", "pos": 0.121, "neg": 0.039, "neu": 0.84, "compound": 0.9975}
{"id": "850747602090033152", "pos": 0.093, "neg": 0.133, "neu": 0.774, "compound": -0.9948}
{"id": "850725197305065472", "pos": 0.076, "neg": 0.071, "neu": 0.853, "compound": 0.6948}
{"id": "850724925564264450", "pos": 0.071, "neg": 0.081, "neu": 0.848, "compound": -0.8672}
{"id": "850721881619648514", "pos": 0.07, "neg": 0.053, "neu": 0.877, "compound": 0.9457}
{"id": "850691196322230273", "pos": 0.108, "neg": 0.018, "neu": 0.874, "compound": 0.9899}
{"id": "850661879965929473", "pos": 0.079, "neg": 0.179, "neu": 0.743, "compound": -0.9748}
{"id": "850650991192145920", "pos": 0.11, "neg": 0.057, "neu": 0.833, "compound": 0.9931}
{"id": "850634403810299904", "pos": 0.08, "neg": 0.083, "neu": 0.837, "compound": -0.7003}
{"id": "850498449816637440", "pos": 0.086, "neg": 0.049, "neu": 0.865, "compound": 0.9961}
{"id": "850407073561051137", "pos": 0.021, "neg": 0.066, "neu": 0.913, "compound": -0.9382}
{"id": "850360041953689600", "pos": 0.033, "neg": 0.096, "neu": 0.872, "compound": -0.968}
{"id": "850337630294343680", "pos": 0.056, "neg": 0.129, "neu": 0.815, "compound": -0.9898}
{"id": "850321382714028035", "pos": 0.062, "neg": 0.049, "neu": 0.89, "compound": 0.4803}
{"id": "850313502342381568", "pos": 0.074, "neg": 0.199, "neu": 0.728, "compound": -0.9985}
{"id": "850291085976981504", "pos": 0.113, "neg": 0.025, "neu": 0.862, "compound": 0.997}
{"id": "850099709431689217", "pos": 0.112, "neg": 0.028, "neu": 0.86, "compound": 0.9796}
{"id": "850017478730297345", "pos": 0.096, "neg": 0.067, "neu": 0.837, "compound": 0.9921}
{"id": "849984795446824961", "pos": 0.049, "neg": 0.005, "neu": 0.945, "compound": 0.9209}
{"id": "849966939820748800", "pos": 0.09, "neg": 0.039, "neu": 0.87, "compound": 0.9387}
{"id": "849965166372454400", "pos": 0.088, "neg": 0.016, "neu": 0.896, "compound": 0.9869}
{"id": "849958900434599936", "pos": 0.127, "neg": 0.054, "neu": 0.819, "compound": 0.9974}
{"id": "849954941078835201", "pos": 0.051, "neg": 0.039, "neu": 0.911, "compound": 0.8011}
{"id": "849920869610774528", "pos": 0.096, "neg": 0.098, "neu": 0.806, "compound": -0.2684}
{"id": "849875318768680960", "pos": 0.178, "neg": 0.136, "neu": 0.687, "compound": 0.9931}
{"id": "849851664366522372", "pos": 0.029, "neg": 0.167, "neu": 0.804, "compound": -0.9979}
{"id": "849767135647760384", "pos": 0.116, "neg": 0.028, "neu": 0.857, "compound": 0.9944}
{"id": "849728906542403588", "pos": 0.127, "neg": 0.081, "neu": 0.792, "compound": 0.9918}
{"id": "849726666570158080", "pos": 0.118, "neg": 0.0, "neu": 0.882, "compound": 0.9081}
{"id": "849704028955181056", "pos": 0.096, "neg": 0.019, "neu": 0.886, "compound": 0.982}
{"id": "849680682372792321", "pos": 0.094, "neg": 0.046, "neu": 0.86, "compound": 0.8834}
{"id": "849678369339920384", "pos": 0.103, "neg": 0.092, "neu": 0.805, "compound": 0.8726}
{"id": "849667790034350080", "pos": 0.143, "neg": 0.0, "neu": 0.857, "compound": 0.7351}
{"id": "849660451109691392", "pos": 0.045, "neg": 0.052, "neu": 0.902, "compound": -0.203}
{"id": "849611585953943552", "pos": 0.026, "neg": 0.099, "neu": 0.875, "compound": -0.987}
{"id": "849514580556558337", "pos": 0.076, "neg": 0.04, "neu": 0.884, "compound": 0.978}
{"id": "849505301191688192", "pos": 0.106, "neg": 0.041, "neu": 0.853, "compound": 0.9908}
{"id": "849445548553842689", "pos": 0.039, "neg": 0.038, "neu": 0.924, "compound": 0.5169}
{"id": "849433976808898562", "pos": 0.051, "neg": 0.145, "neu": 0.804, "compound": -0.9905}
{"id": "849388866721239040", "pos": 0.087, "neg": 0.065, "neu": 0.848, "compound": 0.826}
{"id": "849364334832750593", "pos": 0.08, "neg": 0.0, "neu": 0.92, "compound": 0.9808}
{"id": "849339811890704385", "pos": 0.029, "neg": 0.043, "neu": 0.928, "compound": -0.2144}
{"id": "849333255564402688", "pos": 0.173, "neg": 0.085, "neu": 0.742, "compound": 0.9929}
{"id": "849275466322243585", "pos": 0.086, "neg": 0.065, "neu": 0.849, "compound": 0.9758}
{"id": "849271616181866496", "pos": 0.22, "neg": 0.032, "neu": 0.748, "compound": 0.9996}
{"id": "849260640648794112", "pos": 0.076, "neg": 0.054, "neu": 0.87, "compound": 0.6249}
{"id": "849223872360701952", "pos": 0.041, "neg": 0.194, "neu": 0.765, "compound": -0.9972}
{"id": "849218508282003456", "pos": 0.126, "neg": 0.011, "neu": 0.863, "compound": 0.9843}
{"id": "849192379353575424", "pos": 0.048, "neg": 0.084, "neu": 0.868, "compound": -0.8375}
{"id": "849184821599490048", "pos": 0.049, "neg": 0.013, "neu": 0.938, "compound": 0.9001}
{"id": "849169956285685760", "pos": 0.035, "neg": 0.214, "neu": 0.751, "compound": -1.0}
{"id": "849070547497570304", "pos": 0.084, "neg": 0.098, "neu": 0.819, "compound": -0.9742}
{"id": "849063720588156928", "pos": 0.048, "neg": 0.0, "neu": 0.952, "compound": 0.34}
{"id": "849038889880875008", "pos": 0.02, "neg": 0.098, "neu": 0.882, "compound": -0.7546}
{"id": "849032613784309760", "pos": 0.227, "neg": 0.046, "neu": 0.728, "compound": 0.9998}
{"id": "848998188593938433", "pos": 0.103, "neg": 0.027, "neu": 0.87, "compound": 0.9741}
{"id": "848989948510445573", "pos": 0.084, "neg": 0.127, "neu": 0.789, "compound": -0.9313}
{"id": "848959222746402816", "pos": 0.065, "neg": 0.05, "neu": 0.885, "compound": 0.7189}
{"id": "848943257644142597", "pos": 0.182, "neg": 0.058, "neu": 0.76, "compound": 0.9992}
{"id": "848898258277732352", "pos": 0.145, "neg": 0.033, "neu": 0.822, "compound": 0.9788}
{"id": "848891453103366144", "pos": 0.084, "neg": 0.074, "neu": 0.842, "compound": 0.8906}
{"id": "848890353566568450", "pos": 0.099, "neg": 0.096, "neu": 0.804, "compound": -0.0129}
{"id": "848886571269058560", "pos": 0.084, "neg": 0.08, "neu": 0.836, "compound": 0.2074}
{"id": "848862645931450370", "pos": 0.081, "neg": 0.098, "neu": 0.821, "compound": -0.9433}
{"id": "848838448463183872", "pos": 0.057, "neg": 0.082, "neu": 0.861, "compound": -0.691}
{"id": "848758228578168834", "pos": 0.107, "neg": 0.0, "neu": 0.893, "compound": 0.7096}
{"id": "848721286238961664", "pos": 0.088, "neg": 0.083, "neu": 0.829, "compound": -0.3155}
{"id": "848635411345940481", "pos": 0.114, "neg": 0.026, "neu": 0.86, "compound": 0.9983}
{"id": "848633692935385092", "pos": 0.115, "neg": 0.057, "neu": 0.828, "compound": 0.989}
{"id": "848588892467064832", "pos": 0.072, "neg": 0.061, "neu": 0.867, "compound": 0.4268}
{"id": "848582467275673600", "pos": 0.151, "neg": 0.112, "neu": 0.737, "compound": 0.8979}
{"id": "848580822001209344", "pos": 0.0, "neg": 0.026, "neu": 0.974, "compound": -0.34}
{"id": "848531739685396483", "pos": 0.088, "neg": 0.092, "neu": 0.819, "compound": -0.4499}
{"id": "848515615463788544", "pos": 0.152, "neg": 0.057, "neu": 0.792, "compound": 0.999}
{"id": "848501554185424896", "pos": 0.061, "neg": 0.152, "neu": 0.787, "compound": -0.9979}
{"id": "848497706603470848", "pos": 0.086, "neg": 0.051, "neu": 0.863, "compound": 0.9719}
{"id": "848457738279669760", "pos": 0.017, "neg": 0.209, "neu": 0.774, "compound": -0.986}
{"id": "848355378433843200", "pos": 0.09, "neg": 0.078, "neu": 0.832, "compound": 0.5719}
{"id": "848312710630694912", "pos": 0.07, "neg": 0.111, "neu": 0.819, "compound": -0.8042}
{"id": "848285494102425600", "pos": 0.059, "neg": 0.074, "neu": 0.867, "compound": -0.3976}
{"id": "848272781905203200", "pos": 0.21, "neg": 0.027, "neu": 0.764, "compound": 0.9977}
{"id": "848256186457653249", "pos": 0.079, "neg": 0.117, "neu": 0.804, "compound": -0.9403}
{"id": "848245110928232448", "pos": 0.06, "neg": 0.163, "neu": 0.777, "compound": -0.9986}
{"id": "848218436538859520", "pos": 0.129, "neg": 0.041, "neu": 0.83, "compound": 0.9866}
{"id": "848192556454359041", "pos": 0.167, "neg": 0.031, "neu": 0.801, "compound": 0.9393}
{"id": "848168877590708228", "pos": 0.049, "neg": 0.108, "neu": 0.843, "compound": -0.9854}
{"id": "848152330512064512", "pos": 0.08, "neg": 0.025, "neu": 0.895, "compound": 0.9923}
{"id": "848123250571915265", "pos": 0.091, "neg": 0.039, "neu": 0.87, "compound": 0.9942}
{"id": "848104739241897993", "pos": 0.041, "neg": 0.184, "neu": 0.775, "compound": -0.9993}
{"id": "848060069040214017", "pos": 0.138, "neg": 0.0, "neu": 0.862, "compound": 0.9892}
{"id": "848030333694038016", "pos": 0.102, "neg": 0.116, "neu": 0.783, "compound": -0.9792}
{"id": "848029863860502528", "pos": 0.169, "neg": 0.057, "neu": 0.774, "compound": 0.999}
{"id": "847980353704820736", "pos": 0.074, "neg": 0.044, "neu": 0.882, "compound": 0.296}
{"id": "847968756605132800", "pos": 0.259, "neg": 0.064, "neu": 0.677, "compound": 0.893}
{"id": "847958315011371009", "pos": 0.062, "neg": 0.039, "neu": 0.899, "compound": 0.7059}
{"id": "847931898139746304", "pos": 0.131, "neg": 0.012, "neu": 0.857, "compound": 0.9463}
{"id": "847931557474172929", "pos": 0.069, "neg": 0.045, "neu": 0.886, "compound": 0.9588}
{"id": "847928146984935424", "pos": 0.063, "neg": 0.089, "neu": 0.848, "compound": -0.8791}
{"id": "847850500124966913", "pos": 0.089, "neg": 0.058, "neu": 0.853, "compound": 0.9886}
{"id": "847762765032960000", "pos": 0.063, "neg": 0.085, "neu": 0.852, "compound": -0.8864}
{"id": "847560323708051456", "pos": 0.139, "neg": 0.024, "neu": 0.838, "compound": 0.9413}
{"id": "847539048365346817", "pos": 0.041, "neg": 0.084, "neu": 0.874, "compound": -0.7106}
{"id": "847537855350136836", "pos": 0.149, "neg": 0.068, "neu": 0.784, "compound": 0.9988}
{"id": "847532265357942784", "pos": 0.094, "neg": 0.032, "neu": 0.874, "compound": 0.9149}
{"id": "847488627240181760", "pos": 0.068, "neg": 0.078, "neu": 0.853, "compound": -0.3382}
{"id": "847480416382492676", "pos": 0.173, "neg": 0.0, "neu": 0.827, "compound": 0.5859}
{"id": "847460727119945728", "pos": 0.115, "neg": 0.105, "neu": 0.78, "compound": 0.9311}
{"id": "847416897075159040", "pos": 0.062, "neg": 0.118, "neu": 0.821, "compound": -0.9887}
{"id": "847411022566531077", "pos": 0.034, "neg": 0.09, "neu": 0.876, "compound": -0.97}
{"id": "847400522516619268", "pos": 0.037, "neg": 0.086, "neu": 0.876, "compound": -0.6249}
{"id": "847395934879207424", "pos": 0.091, "neg": 0.043, "neu": 0.866, "compound": 0.9708}
{"id": "847331309877739520", "pos": 0.081, "neg": 0.118, "neu": 0.801, "compound": -0.9399}
{"id": "847330298744274945", "pos": 0.078, "neg": 0.066, "neu": 0.856, "compound": 0.8225}
{"id": "847327280061919232", "pos": 0.131, "neg": 0.094, "neu": 0.775, "compound": 0.9205}
{"id": "847270829700243456", "pos": 0.051, "neg": 0.106, "neu": 0.843, "compound": -0.3818}
{"id": "847234958154321922", "pos": 0.049, "neg": 0.033, "neu": 0.918, "compound": 0.25}
{"id": "847225338153148417", "pos": 0.121, "neg": 0.052, "neu": 0.827, "compound": 0.9971}
{"id": "847204278934614017", "pos": 0.161, "neg": 0.023, "neu": 0.817, "compound": 0.9875}
{"id": "847197415237193728", "pos": 0.109, "neg": 0.047, "neu": 0.844, "compound": 0.9985}
{"id": "847178130628526080", "pos": 0.113, "neg": 0.064, "neu": 0.823, "compound": 0.9559}
{"id": "847145357507268609", "pos": 0.104, "neg": 0.0, "neu": 0.896, "compound": 0.9909}
{"id": "847141355491151872", "pos": 0.063, "neg": 0.158, "neu": 0.779, "compound": -0.9986}
{"id": "847061348165042176", "pos": 0.019, "neg": 0.212, "neu": 0.769, "compound": -0.9963}
{"id": "847049978367393795", "pos": 0.025, "neg": 0.038, "neu": 0.937, "compound": -0.069}
{"id": "846972947906662400", "pos": 0.105, "neg": 0.023, "neu": 0.872, "compound": 0.992}
{"id": "846967230155952130", "pos": 0.079, "neg": 0.102, "neu": 0.819, "compound": -0.9718}
{"id": "846910472498659330", "pos": 0.179, "neg": 0.047, "neu": 0.774, "compound": 0.9876}
{"id": "846893954809286665", "pos": 0.08, "neg": 0.169, "neu": 0.751, "compound": -0.962}
{"id": "846803705697591296", "pos": 0.074, "neg": 0.091, "neu": 0.835, "compound": -0.875}
{"id": "846797543266828288", "pos": 0.084, "neg": 0.073, "neu": 0.842, "compound": 0.329}
{"id": "846765012106592257", "pos": 0.077, "neg": 0.068, "neu": 0.855, "compound": 0.1398}
{"id": "846655664894152705", "pos": 0.146, "neg": 0.041, "neu": 0.813, "compound": 0.9691}
{"id": "846611214427873280", "pos": 0.0, "neg": 0.062, "neu": 0.938, "compound": -0.4767}
{"id": "846505386882617345", "pos": 0.186, "neg": 0.047, "neu": 0.767, "compound": 0.9989}
{"id": "846496451467317249", "pos": 0.026, "neg": 0.029, "neu": 0.945, "compound": 0.1791}
{"id": "846465623907586049", "pos": 0.191, "neg": 0.0, "neu": 0.809, "compound": 0.9984}
{"id": "846414447497367552", "pos": 0.096, "neg": 0.09, "neu": 0.814, "compound": -0.3197}
{"id": "846390127144439808", "pos": 0.072, "neg": 0.072, "neu": 0.857, "compound": 0.27}
{"id": "846387341606432769", "pos": 0.039, "neg": 0.163, "neu": 0.799, "compound": -0.9702}
{"id": "846344563618930688", "pos": 0.093, "neg": 0.061, "neu": 0.846, "compound": 0.9692}
{"id": "846259241513971713", "pos": 0.054, "neg": 0.105, "neu": 0.842, "compound": -0.9839}
{"id": "846145506673905665", "pos": 0.009, "neg": 0.074, "neu": 0.917, "compound": -0.9623}
{"id": "846142692534996992", "pos": 0.057, "neg": 0.027, "neu": 0.916, "compound": 0.6249}
{"id": "846123346232160256", "pos": 0.114, "neg": 0.041, "neu": 0.846, "compound": 0.9429}
{"id": "846079189950320642", "pos": 0.096, "neg": 0.077, "neu": 0.827, "compound": 0.7975}
{"id": "846077572421169153", "pos": 0.103, "neg": 0.041, "neu": 0.856, "compound": 0.97}
{"id": "846046339980918788", "pos": 0.076, "neg": 0.11, "neu": 0.814, "compound": -0.923}
{"id": "846030903176564737", "pos": 0.16, "neg": 0.073, "neu": 0.767, "compound": 0.9904}
{"id": "846030877977186304", "pos": 0.114, "neg": 0.051, "neu": 0.835, "compound": 1.0}
{"id": "845998875462815745", "pos": 0.124, "neg": 0.061, "neu": 0.815, "compound": 0.9976}
{"id": "845932695821713408", "pos": 0.014, "neg": 0.139, "neu": 0.848, "compound": -0.9854}
{"id": "845908185340891137", "pos": 0.035, "neg": 0.203, "neu": 0.761, "compound": -0.9894}
{"id": "845901383383498752", "pos": 0.217, "neg": 0.055, "neu": 0.728, "compound": 0.9947}
{"id": "845900849708707840", "pos": 0.139, "neg": 0.023, "neu": 0.838, "compound": 0.9991}
{"id": "845898131111886849", "pos": 0.137, "neg": 0.024, "neu": 0.84, "compound": 0.836}
{"id": "845867915194896384", "pos": 0.216, "neg": 0.062, "neu": 0.722, "compound": 0.9943}
{"id": "845791068302004225", "pos": 0.034, "neg": 0.058, "neu": 0.908, "compound": -0.8982}
{"id": "845768201627750402", "pos": 0.105, "neg": 0.048, "neu": 0.847, "compound": 0.9721}
{"id": "845765744621162496", "pos": 0.113, "neg": 0.098, "neu": 0.789, "compound": 0.5869}
{"id": "845760068352061441", "pos": 0.12, "neg": 0.028, "neu": 0.852, "compound": 0.9985}
{"id": "845705131756867585", "pos": 0.106, "neg": 0.05, "neu": 0.845, "compound": 0.9468}
{"id": "845696792742236166", "pos": 0.082, "neg": 0.079, "neu": 0.839, "compound": -0.128}
{"id": "845684495017824260", "pos": 0.027, "neg": 0.108, "neu": 0.866, "compound": -0.9844}
{"id": "845673429806333953", "pos": 0.106, "neg": 0.044, "neu": 0.85, "compound": 0.4939}
{"id": "845661991154995202", "pos": 0.135, "neg": 0.153, "neu": 0.712, "compound": -0.8831}
{"id": "845655831790194688", "pos": 0.1, "neg": 0.072, "neu": 0.828, "compound": 0.9648}
{"id": "845637858325135360", "pos": 0.081, "neg": 0.069, "neu": 0.85, "compound": 0.9963}
{"id": "845604451301949442", "pos": 0.063, "neg": 0.073, "neu": 0.864, "compound": -0.4926}
{"id": "845576762922848256", "pos": 0.047, "neg": 0.011, "neu": 0.942, "compound": 0.9652}
{"id": "845564874587435009", "pos": 0.08, "neg": 0.0, "neu": 0.92, "compound": 0.9861}
{"id": "845500510652239872", "pos": 0.105, "neg": 0.101, "neu": 0.794, "compound": 0.6212}
{"id": "845460745781436416", "pos": 0.058, "neg": 0.147, "neu": 0.794, "compound": -0.9995}
